1 2
2 3
1 4
4 5
5 6
6 7
5 8
8 9
8 10
10 11
5 12
12 13
13 14
14 15
13 16
12 17
17 18
18 19
19 20
20 21
21 22
22 23
23 24
24 25
23 26
26 27
27 28
22 29
29 30
20 31
18 32
32 33
32 34
34 35
35 36
35 37
37 38
38 39
37 40
40 41
32 42
42 43
43 44
44 45
43 46
46 47
5 48
48 49
49 50
50 51
49 52
48 53
53 54
54 55
55 56
54 57
57 58
58 59
59 60
60 61
61 62
60 63
63 64
64 65
63 66
54 67
67 68
67 69
69 70
70 71
71 72
70 73
73 74
54 75
75 76
76 77
76 78
75 79
79 80
80 81
79 82
75 83
83 84
75 85
85 86
86 87
87 88
88 89
87 90
90 91
86 92
54 93
93 94
94 95
95 96
94 97
93 98
98 99
99 100
100 101
101 102
100 103
103 104
99 105
98 106
106 107
107 108
107 109
106 110
110 111
111 112
110 113
106 114
114 115
106 116
116 117
117 118
118 119
117 120
120 121
121 122
122 123
121 124
124 125
93 126
126 127
127 128
128 129
127 130
130 131
54 132
132 133
133 134
132 135
135 136
