1 2
2 3
3 4
4 5
4 6
3 7
7 8
3 9
9 10
9 11
11 12
3 13
13 14
14 15
14 16
13 17
17 18
18 19
17 20
13 21
21 22
13 23
3 24
24 25
25 26
25 27
24 28
28 29
29 30
28 31
24 32
32 33
24 34
34 35
35 36
36 37
35 38
38 39
39 40
40 41
41 42
42 43
41 44
44 45
45 46
44 47
35 48
48 49
48 50
50 51
51 52
52 53
51 54
54 55
35 56
56 57
57 58
57 59
56 60
60 61
61 62
60 63
56 64
64 65
56 66
66 67
67 68
68 69
69 70
68 71
71 72
67 73
35 74
74 75
75 76
76 77
75 78
74 79
79 80
80 81
81 82
82 83
81 84
84 85
80 86
79 87
87 88
88 89
88 90
87 91
91 92
92 93
91 94
87 95
95 96
87 97
97 98
98 99
99 100
98 101
101 102
102 103
103 104
102 105
105 106
74 107
107 108
108 109
109 110
108 111
111 112
35 113
113 114
114 115
113 116
116 117
