1 2
2 3
3 4
4 5
3 6
6 7
7 8
8 9
3 10
10 11
11 12
12 13
3 14
14 15
14 16
16 17
3 18
18 19
19 20
20 21
21 22
22 23
23 24
18 25
25 26
26 27
27 28
25 29
29 30
3 31
31 32
32 33
33 34
34 35
35 36
36 37
31 38
38 39
39 40
38 41
41 42
42 43
43 44
44 45
45 46
44 47
47 48
48 49
47 50
38 51
51 52
51 53
53 54
54 55
55 56
54 57
57 58
38 59
59 60
60 61
60 62
59 63
63 64
64 65
63 66
59 67
67 68
59 69
69 70
70 71
71 72
72 73
71 74
74 75
70 76
38 77
77 78
78 79
79 80
78 81
77 82
82 83
83 84
84 85
85 86
84 87
87 88
83 89
82 90
90 91
91 92
91 93
90 94
94 95
95 96
94 97
90 98
98 99
90 100
100 101
101 102
102 103
101 104
104 105
105 106
106 107
105 108
108 109
77 110
110 111
111 112
112 113
111 114
114 115
38 116
116 117
117 118
116 119
119 120
