1 2
1 3
1 4
1 5
5 6
6 7
7 8
8 9
9 10
6 11
11 12
12 13
11 14
14 15
15 16
16 17
17 18
18 19
17 20
20 21
21 22
20 23
11 24
24 25
24 26
26 27
27 28
28 29
27 30
30 31
11 32
32 33
33 34
33 35
32 36
36 37
37 38
36 39
32 40
40 41
32 42
42 43
43 44
44 45
45 46
44 47
47 48
43 49
11 50
50 51
51 52
52 53
51 54
50 55
55 56
56 57
57 58
58 59
57 60
60 61
56 62
55 63
63 64
64 65
64 66
63 67
67 68
68 69
67 70
63 71
71 72
63 73
73 74
74 75
75 76
74 77
77 78
78 79
79 80
78 81
81 82
50 83
83 84
84 85
85 86
84 87
87 88
11 89
89 90
90 91
89 92
92 93
1 94
94 95
95 96
96 97
95 98
98 99
98 100
100 101
95 102
102 103
102 104
104 105
105 106
95 107
107 108
107 109
109 110
95 111
111 112
112 113
