1 2
2 3
2 4
1 5
5 6
6 7
6 8
1 9
9 10
10 11
11 12
10 13
13 14
14 15
10 16
16 17
16 18
18 19
10 20
20 21
21 22
22 23
23 24
24 25
25 26
26 27
25 28
28 29
29 30
24 31
31 32
22 33
20 34
34 35
34 36
36 37
37 38
37 39
39 40
40 41
39 42
42 43
34 44
44 45
45 46
46 47
45 48
48 49
10 50
50 51
51 52
50 53
53 54
10 55
55 56
56 57
57 58
58 59
59 60
55 61
61 62
62 63
61 64
64 65
65 66
66 67
67 68
68 69
67 70
70 71
71 72
70 73
61 74
74 75
74 76
76 77
77 78
78 79
77 80
80 81
61 82
82 83
83 84
83 85
82 86
86 87
87 88
86 89
82 90
90 91
82 92
92 93
93 94
94 95
95 96
94 97
97 98
93 99
61 100
100 101
101 102
102 103
101 104
100 105
105 106
106 107
107 108
108 109
107 110
110 111
106 112
105 113
113 114
114 115
114 116
113 117
117 118
118 119
117 120
113 121
121 122
113 123
123 124
124 125
125 126
124 127
127 128
128 129
129 130
128 131
131 132
100 133
133 134
134 135
135 136
134 137
137 138
61 139
139 140
140 141
139 142
142 143
