1 2
2 3
3 4
4 5
3 6
6 7
7 8
8 9
3 10
10 11
11 12
12 13
3 14
14 15
14 16
16 17
3 18
18 19
19 20
20 21
21 22
22 23
23 24
18 25
25 26
26 27
27 28
28 29
29 30
30 31
31 32
30 33
33 34
34 35
29 36
36 37
27 38
25 39
39 40
39 41
41 42
42 43
42 44
44 45
45 46
44 47
47 48
39 49
49 50
50 51
51 52
50 53
53 54
18 55
55 56
56 57
57 58
55 59
59 60
3 61
61 62
62 63
63 64
64 65
65 66
66 67
61 68
68 69
69 70
68 71
71 72
72 73
73 74
74 75
75 76
74 77
77 78
78 79
77 80
68 81
81 82
81 83
83 84
84 85
85 86
84 87
87 88
68 89
89 90
90 91
90 92
89 93
93 94
94 95
93 96
89 97
97 98
89 99
99 100
100 101
101 102
102 103
101 104
104 105
100 106
68 107
107 108
108 109
109 110
108 111
107 112
112 113
113 114
114 115
115 116
114 117
117 118
113 119
112 120
120 121
121 122
121 123
120 124
124 125
125 126
124 127
120 128
128 129
120 130
130 131
131 132
132 133
131 134
134 135
135 136
136 137
135 138
138 139
107 140
140 141
141 142
142 143
141 144
144 145
68 146
146 147
147 148
146 149
149 150
