1 2
2 3
3 4
4 5
3 6
6 7
7 8
8 9
3 10
10 11
11 12
12 13
3 14
14 15
14 16
16 17
3 18
18 19
19 20
20 21
21 22
22 23
23 24
18 25
25 26
25 27
18 28
28 29
29 30
30 31
28 32
32 33
3 34
34 35
35 36
36 37
37 38
38 39
39 40
34 41
41 42
42 43
41 44
44 45
45 46
46 47
47 48
48 49
47 50
50 51
51 52
50 53
41 54
54 55
54 56
56 57
57 58
58 59
57 60
60 61
41 62
62 63
63 64
63 65
62 66
66 67
67 68
66 69
62 70
70 71
62 72
72 73
73 74
74 75
75 76
74 77
77 78
73 79
41 80
80 81
81 82
82 83
81 84
80 85
85 86
86 87
87 88
88 89
87 90
90 91
86 92
85 93
93 94
94 95
94 96
93 97
97 98
98 99
97 100
93 101
101 102
93 103
103 104
104 105
105 106
104 107
107 108
108 109
109 110
108 111
111 112
80 113
113 114
114 115
115 116
114 117
117 118
41 119
119 120
120 121
119 122
122 123
