1 2
2 3
1 4
4 5
1 6
6 7
7 8
8 9
7 10
10 11
10 12
12 13
7 14
14 15
15 16
14 17
7 18
18 19
19 20
18 21
21 22
22 23
23 24
22 25
25 26
26 27
27 28
28 29
29 30
28 31
31 32
32 33
31 34
22 35
35 36
35 37
37 38
38 39
39 40
38 41
41 42
22 43
43 44
44 45
44 46
43 47
47 48
48 49
47 50
43 51
51 52
43 53
53 54
54 55
55 56
56 57
55 58
58 59
54 60
22 61
61 62
62 63
63 64
62 65
61 66
66 67
67 68
68 69
69 70
68 71
71 72
67 73
66 74
74 75
75 76
75 77
74 78
78 79
79 80
78 81
74 82
82 83
74 84
84 85
85 86
86 87
85 88
88 89
89 90
90 91
89 92
92 93
61 94
94 95
95 96
96 97
95 98
98 99
22 100
100 101
101 102
100 103
103 104
