1 2
2 3
2 4
4 5
5 6
5 7
4 8
8 9
9 10
1 11
11 12
12 13
13 14
12 15
15 16
15 17
17 18
12 19
19 20
19 21
21 22
22 23
21 24
24 25
12 26
26 27
27 28
26 29
29 30
30 31
31 32
32 33
33 34
32 35
35 36
36 37
35 38
26 39
39 40
39 41
41 42
42 43
43 44
42 45
45 46
26 47
47 48
48 49
48 50
47 51
51 52
52 53
51 54
47 55
55 56
47 57
57 58
58 59
59 60
60 61
59 62
62 63
58 64
26 65
65 66
66 67
67 68
66 69
65 70
70 71
71 72
72 73
73 74
72 75
75 76
71 77
70 78
78 79
79 80
79 81
78 82
82 83
83 84
82 85
78 86
86 87
78 88
88 89
89 90
90 91
89 92
92 93
93 94
94 95
93 96
96 97
65 98
98 99
99 100
100 101
99 102
102 103
26 104
104 105
105 106
104 107
107 108
