1 2
2 3
3 4
4 5
3 6
6 7
6 8
8 9
3 10
10 11
11 12
12 13
10 14
14 15
15 16
15 17
10 18
18 19
19 20
19 21
3 22
22 23
23 24
24 25
22 26
26 27
27 28
28 29
27 30
30 31
31 32
32 33
33 34
34 35
33 36
36 37
37 38
36 39
27 40
40 41
40 42
42 43
43 44
44 45
43 46
46 47
27 48
48 49
49 50
49 51
48 52
52 53
53 54
52 55
48 56
56 57
48 58
58 59
59 60
60 61
61 62
60 63
63 64
59 65
27 66
66 67
67 68
68 69
67 70
66 71
71 72
72 73
73 74
74 75
73 76
76 77
72 78
71 79
79 80
80 81
80 82
79 83
83 84
84 85
83 86
79 87
87 88
79 89
89 90
90 91
91 92
90 93
93 94
94 95
95 96
94 97
97 98
66 99
99 100
100 101
101 102
100 103
103 104
27 105
105 106
106 107
105 108
108 109
22 110
110 111
111 112
112 113
111 114
114 115
115 116
116 117
117 118
118 119
117 120
120 121
121 122
120 123
111 124
124 125
124 126
126 127
127 128
128 129
127 130
130 131
111 132
132 133
133 134
133 135
132 136
136 137
137 138
136 139
132 140
140 141
132 142
142 143
143 144
144 145
145 146
144 147
147 148
143 149
111 150
150 151
151 152
152 153
153 154
152 155
151 156
156 157
157 158
156 159
159 160
150 161
161 162
162 163
163 164
164 165
163 166
166 167
162 168
161 169
169 170
170 171
170 172
169 173
173 174
174 175
173 176
169 177
177 178
169 179
179 180
180 181
181 182
180 183
183 184
184 185
185 186
184 187
187 188
150 189
189 190
190 191
191 192
190 193
193 194
111 195
195 196
196 197
195 198
198 199
