1 2
2 3
3 4
4 5
3 6
6 7
6 8
8 9
3 10
10 11
11 12
10 13
13 14
14 15
15 16
16 17
17 18
16 19
19 20
20 21
19 22
10 23
23 24
23 25
25 26
26 27
27 28
26 29
29 30
10 31
31 32
32 33
32 34
31 35
35 36
36 37
35 38
31 39
39 40
31 41
41 42
42 43
43 44
44 45
43 46
46 47
42 48
10 49
49 50
50 51
51 52
50 53
49 54
54 55
55 56
56 57
57 58
56 59
59 60
55 61
54 62
62 63
63 64
63 65
62 66
66 67
67 68
66 69
62 70
70 71
62 72
72 73
73 74
74 75
73 76
76 77
77 78
78 79
77 80
80 81
49 82
82 83
83 84
84 85
83 86
86 87
10 88
88 89
89 90
88 91
91 92
