1 2
2 3
2 4
1 5
5 6
6 7
6 8
1 9
9 10
10 11
11 12
10 13
13 14
14 15
10 16
16 17
16 18
18 19
10 20
20 21
20 22
10 23
23 24
24 25
23 26
26 27
10 28
28 29
29 30
30 31
31 32
32 33
28 34
34 35
35 36
34 37
37 38
38 39
39 40
40 41
41 42
40 43
43 44
44 45
43 46
34 47
47 48
47 49
49 50
50 51
51 52
50 53
53 54
34 55
55 56
56 57
56 58
55 59
59 60
60 61
59 62
55 63
63 64
55 65
65 66
66 67
67 68
68 69
67 70
70 71
66 72
34 73
73 74
74 75
75 76
74 77
73 78
78 79
79 80
80 81
81 82
80 83
83 84
79 85
78 86
86 87
87 88
87 89
86 90
90 91
91 92
90 93
86 94
94 95
86 96
96 97
97 98
98 99
97 100
100 101
101 102
102 103
101 104
104 105
73 106
106 107
107 108
108 109
107 110
110 111
34 112
112 113
113 114
112 115
115 116
