1 2
2 3
3 4
4 5
3 6
6 7
6 8
8 9
3 10
10 11
11 12
12 13
10 14
14 15
15 16
15 17
17 18
18 19
3 20
20 21
21 22
22 23
20 24
24 25
25 26
26 27
25 28
28 29
29 30
30 31
31 32
32 33
31 34
34 35
35 36
34 37
25 38
38 39
38 40
40 41
41 42
42 43
41 44
44 45
25 46
46 47
47 48
47 49
46 50
50 51
51 52
50 53
46 54
54 55
46 56
56 57
57 58
58 59
59 60
58 61
61 62
57 63
25 64
64 65
65 66
66 67
65 68
64 69
69 70
70 71
71 72
72 73
71 74
74 75
70 76
69 77
77 78
78 79
78 80
77 81
81 82
82 83
81 84
77 85
85 86
77 87
87 88
88 89
89 90
88 91
91 92
92 93
93 94
92 95
95 96
64 97
97 98
98 99
99 100
98 101
101 102
25 103
103 104
104 105
103 106
106 107
