1 2
2 3
3 4
4 5
3 6
6 7
6 8
8 9
3 10
10 11
11 12
12 13
10 14
10 15
15 16
16 17
16 18
3 19
19 20
20 21
21 22
19 23
23 24
24 25
25 26
24 27
27 28
28 29
29 30
30 31
31 32
30 33
33 34
34 35
33 36
24 37
37 38
37 39
39 40
40 41
41 42
40 43
43 44
24 45
45 46
46 47
46 48
45 49
49 50
50 51
49 52
45 53
53 54
45 55
55 56
56 57
57 58
58 59
57 60
60 61
56 62
24 63
63 64
64 65
65 66
64 67
63 68
68 69
69 70
70 71
71 72
70 73
73 74
69 75
68 76
76 77
77 78
77 79
76 80
80 81
81 82
80 83
76 84
84 85
76 86
86 87
87 88
88 89
87 90
90 91
91 92
92 93
91 94
94 95
63 96
96 97
97 98
98 99
97 100
100 101
24 102
102 103
103 104
102 105
105 106
19 107
107 108
108 109
109 110
108 111
111 112
112 113
113 114
114 115
115 116
114 117
117 118
118 119
117 120
108 121
121 122
121 123
123 124
124 125
125 126
124 127
127 128
108 129
129 130
130 131
130 132
129 133
133 134
134 135
133 136
129 137
137 138
129 139
139 140
140 141
141 142
142 143
141 144
144 145
140 146
108 147
147 148
148 149
149 150
150 151
149 152
148 153
153 154
154 155
153 156
156 157
147 158
158 159
159 160
160 161
161 162
160 163
163 164
159 165
158 166
166 167
167 168
167 169
166 170
170 171
171 172
170 173
166 174
174 175
166 176
176 177
177 178
178 179
177 180
180 181
181 182
182 183
181 184
184 185
147 186
186 187
187 188
188 189
187 190
190 191
108 192
192 193
193 194
192 195
195 196
