1 2
2 3
2 4
1 5
5 6
6 7
6 8
1 9
9 10
10 11
11 12
10 13
13 14
14 15
10 16
16 17
16 18
18 19
10 20
20 21
20 22
22 23
23 24
10 25
25 26
26 27
25 28
28 29
10 30
30 31
31 32
32 33
33 34
34 35
30 36
36 37
37 38
36 39
39 40
40 41
41 42
42 43
43 44
42 45
45 46
46 47
45 48
36 49
49 50
49 51
51 52
52 53
53 54
52 55
55 56
36 57
57 58
58 59
58 60
57 61
61 62
62 63
61 64
57 65
65 66
57 67
67 68
68 69
69 70
70 71
69 72
72 73
68 74
36 75
75 76
76 77
77 78
76 79
75 80
80 81
81 82
82 83
83 84
82 85
85 86
81 87
80 88
88 89
89 90
89 91
88 92
92 93
93 94
92 95
88 96
96 97
88 98
98 99
99 100
100 101
99 102
102 103
103 104
104 105
103 106
106 107
75 108
108 109
109 110
110 111
109 112
112 113
36 114
114 115
115 116
114 117
117 118
