1 2
2 3
3 4
4 5
3 6
6 7
6 8
8 9
3 10
10 11
3 12
12 13
13 14
14 15
15 16
16 17
17 18
18 19
19 20
18 21
21 22
22 23
17 24
24 25
15 26
13 27
27 28
27 29
29 30
30 31
30 32
32 33
33 34
32 35
35 36
27 37
37 38
38 39
39 40
38 41
41 42
3 43
43 44
3 45
45 46
46 47
47 48
46 49
49 50
50 51
51 52
52 53
53 54
52 55
55 56
56 57
55 58
46 59
59 60
59 61
61 62
62 63
63 64
62 65
65 66
46 67
67 68
68 69
68 70
67 71
71 72
72 73
71 74
67 75
75 76
67 77
77 78
78 79
79 80
80 81
79 82
82 83
78 84
46 85
85 86
86 87
87 88
86 89
85 90
90 91
91 92
92 93
93 94
92 95
95 96
91 97
90 98
98 99
99 100
99 101
98 102
102 103
103 104
102 105
98 106
106 107
98 108
108 109
109 110
110 111
109 112
112 113
113 114
114 115
113 116
116 117
85 118
118 119
119 120
120 121
119 122
122 123
46 124
124 125
125 126
124 127
127 128
