1 2
2 3
2 4
4 5
5 6
5 7
7 8
8 9
4 10
10 11
11 12
1 13
13 14
14 15
15 16
14 17
17 18
17 19
19 20
14 21
21 22
21 23
23 24
24 25
23 26
26 27
14 28
28 29
29 30
28 31
31 32
32 33
33 34
34 35
35 36
34 37
37 38
38 39
37 40
28 41
41 42
41 43
43 44
44 45
45 46
44 47
47 48
28 49
49 50
50 51
50 52
49 53
53 54
54 55
53 56
49 57
57 58
49 59
59 60
60 61
61 62
62 63
61 64
64 65
60 66
28 67
67 68
68 69
69 70
68 71
67 72
72 73
73 74
74 75
75 76
74 77
77 78
73 79
72 80
80 81
81 82
81 83
80 84
84 85
85 86
84 87
80 88
88 89
80 90
90 91
91 92
92 93
91 94
94 95
95 96
96 97
95 98
98 99
67 100
100 101
101 102
102 103
101 104
104 105
28 106
106 107
107 108
106 109
109 110
