1 2
2 3
3 4
4 5
3 6
6 7
6 8
8 9
3 10
10 11
10 12
12 13
13 14
13 15
12 16
12 17
17 18
18 19
19 20
18 21
21 22
12 23
3 24
24 25
24 26
26 27
27 28
27 29
29 30
30 31
29 32
32 33
33 34
34 35
35 36
36 37
35 38
38 39
39 40
38 41
29 42
42 43
42 44
44 45
45 46
46 47
45 48
48 49
29 50
50 51
51 52
51 53
50 54
54 55
55 56
54 57
50 58
58 59
50 60
60 61
61 62
62 63
63 64
62 65
65 66
61 67
29 68
68 69
69 70
70 71
69 72
68 73
73 74
74 75
75 76
76 77
75 78
78 79
74 80
73 81
81 82
82 83
82 84
81 85
85 86
86 87
85 88
81 89
89 90
81 91
91 92
92 93
93 94
92 95
95 96
96 97
97 98
96 99
99 100
68 101
101 102
102 103
103 104
102 105
105 106
29 107
107 108
108 109
107 110
110 111
26 112
26 113
113 114
114 115
115 116
114 117
117 118
26 119
