1 2
2 3
3 4
4 5
3 6
6 7
6 8
8 9
3 10
10 11
11 12
12 13
10 14
14 15
15 16
15 17
3 18
18 19
19 20
20 21
18 22
22 23
23 24
24 25
23 26
26 27
27 28
28 29
29 30
30 31
29 32
32 33
33 34
32 35
23 36
36 37
36 38
38 39
39 40
40 41
39 42
42 43
23 44
44 45
45 46
45 47
44 48
48 49
49 50
48 51
44 52
52 53
44 54
54 55
55 56
56 57
57 58
56 59
59 60
55 61
23 62
62 63
63 64
64 65
63 66
62 67
67 68
68 69
69 70
70 71
69 72
72 73
68 74
67 75
75 76
76 77
76 78
75 79
79 80
80 81
79 82
75 83
83 84
75 85
85 86
86 87
87 88
86 89
89 90
90 91
91 92
90 93
93 94
62 95
95 96
96 97
97 98
96 99
99 100
23 101
101 102
102 103
101 104
104 105
