1 2
2 3
3 4
4 5
3 6
6 7
6 8
8 9
3 10
10 11
11 12
11 13
10 14
3 15
15 16
16 17
16 18
15 19
19 20
20 21
21 22
20 23
23 24
24 25
25 26
26 27
27 28
26 29
29 30
30 31
29 32
20 33
33 34
33 35
35 36
36 37
37 38
36 39
39 40
20 41
41 42
42 43
42 44
41 45
45 46
46 47
45 48
41 49
49 50
41 51
51 52
52 53
53 54
54 55
53 56
56 57
52 58
20 59
59 60
60 61
61 62
60 63
59 64
64 65
65 66
66 67
67 68
66 69
69 70
65 71
64 72
72 73
73 74
73 75
72 76
76 77
77 78
76 79
72 80
80 81
72 82
82 83
83 84
84 85
83 86
86 87
87 88
88 89
87 90
90 91
59 92
92 93
93 94
94 95
93 96
96 97
20 98
98 99
99 100
98 101
101 102
