1 2
2 3
3 4
4 5
3 6
6 7
7 8
8 9
3 10
10 11
11 12
12 13
3 14
14 15
14 16
16 17
3 18
18 19
19 20
20 21
21 22
22 23
23 24
18 25
25 26
25 27
27 28
28 29
18 30
30 31
31 32
32 33
30 34
34 35
3 36
36 37
37 38
38 39
39 40
40 41
41 42
36 43
43 44
44 45
43 46
46 47
47 48
48 49
49 50
50 51
49 52
52 53
53 54
52 55
43 56
56 57
56 58
58 59
59 60
60 61
59 62
62 63
43 64
64 65
65 66
65 67
64 68
68 69
69 70
68 71
64 72
72 73
64 74
74 75
75 76
76 77
77 78
76 79
79 80
75 81
43 82
82 83
83 84
84 85
83 86
82 87
87 88
88 89
89 90
90 91
89 92
92 93
88 94
87 95
95 96
96 97
96 98
95 99
99 100
100 101
99 102
95 103
103 104
95 105
105 106
106 107
107 108
106 109
109 110
110 111
111 112
110 113
113 114
82 115
115 116
116 117
117 118
116 119
119 120
43 121
121 122
122 123
121 124
124 125
