1 2
2 3
3 4
4 5
4 6
3 7
7 8
3 9
9 10
9 11
11 12
3 13
13 14
14 15
14 16
13 17
17 18
18 19
17 20
13 21
21 22
13 23
23 24
24 25
24 26
26 27
27 28
3 29
29 30
30 31
30 32
29 33
33 34
34 35
33 36
29 37
37 38
29 39
39 40
40 41
41 42
40 43
43 44
44 45
45 46
46 47
47 48
46 49
49 50
50 51
49 52
40 53
53 54
53 55
55 56
56 57
57 58
56 59
59 60
40 61
61 62
62 63
62 64
61 65
65 66
66 67
65 68
61 69
69 70
61 71
71 72
72 73
73 74
74 75
73 76
76 77
72 78
40 79
79 80
80 81
81 82
80 83
79 84
84 85
85 86
86 87
87 88
86 89
89 90
85 91
84 92
92 93
93 94
93 95
92 96
96 97
97 98
96 99
92 100
100 101
92 102
102 103
103 104
104 105
103 106
106 107
107 108
108 109
107 110
110 111
79 112
112 113
113 114
114 115
113 116
116 117
40 118
118 119
119 120
118 121
121 122
