1 2
2 3
3 4
4 5
3 6
6 7
6 8
8 9
3 10
10 11
10 12
12 13
13 14
14 15
15 16
16 17
17 18
18 19
19 20
18 21
21 22
22 23
17 24
24 25
15 26
13 27
27 28
27 29
29 30
30 31
30 32
32 33
33 34
32 35
35 36
27 37
37 38
38 39
39 40
38 41
41 42
12 43
3 44
44 45
44 46
46 47
47 48
48 49
47 50
50 51
51 52
52 53
53 54
54 55
53 56
56 57
57 58
56 59
47 60
60 61
60 62
62 63
63 64
64 65
63 66
66 67
47 68
68 69
69 70
69 71
68 72
72 73
73 74
72 75
68 76
76 77
68 78
78 79
79 80
80 81
81 82
80 83
83 84
79 85
47 86
86 87
87 88
88 89
87 90
86 91
91 92
92 93
93 94
94 95
93 96
96 97
92 98
91 99
99 100
100 101
100 102
99 103
103 104
104 105
103 106
99 107
107 108
99 109
109 110
110 111
111 112
110 113
113 114
114 115
115 116
114 117
117 118
86 119
119 120
120 121
121 122
120 123
123 124
47 125
125 126
126 127
125 128
128 129
46 130
