1 2
2 3
3 4
4 5
3 6
6 7
6 8
8 9
3 10
10 11
11 12
12 13
13 14
14 15
15 16
16 17
15 18
18 19
19 20
14 21
21 22
12 23
10 24
24 25
24 26
26 27
27 28
27 29
29 30
30 31
29 32
32 33
24 34
34 35
35 36
36 37
35 38
38 39
3 40
40 41
41 42
42 43
43 44
40 45
45 46
46 47
47 48
40 49
49 50
50 51
49 52
52 53
53 54
54 55
55 56
56 57
55 58
58 59
59 60
58 61
49 62
62 63
62 64
64 65
65 66
66 67
65 68
68 69
49 70
70 71
71 72
71 73
70 74
74 75
75 76
74 77
70 78
78 79
70 80
80 81
81 82
82 83
83 84
82 85
85 86
81 87
49 88
88 89
89 90
90 91
89 92
88 93
93 94
94 95
95 96
96 97
95 98
98 99
94 100
93 101
101 102
102 103
102 104
101 105
105 106
106 107
105 108
101 109
109 110
101 111
111 112
112 113
113 114
112 115
115 116
116 117
117 118
116 119
119 120
88 121
121 122
122 123
123 124
122 125
125 126
49 127
127 128
128 129
127 130
130 131
