1 2
2 3
3 4
4 5
3 6
6 7
6 8
8 9
3 10
10 11
10 12
12 13
3 14
14 15
14 16
16 17
17 18
18 19
17 20
20 21
21 22
22 23
23 24
24 25
23 26
26 27
27 28
26 29
17 30
30 31
30 32
32 33
33 34
34 35
33 36
36 37
17 38
38 39
39 40
39 41
38 42
42 43
43 44
42 45
38 46
46 47
38 48
48 49
49 50
50 51
51 52
50 53
53 54
49 55
17 56
56 57
57 58
58 59
57 60
56 61
61 62
62 63
63 64
64 65
63 66
66 67
62 68
61 69
69 70
70 71
70 72
69 73
73 74
74 75
73 76
69 77
77 78
69 79
79 80
80 81
81 82
80 83
83 84
84 85
85 86
84 87
87 88
56 89
89 90
90 91
91 92
90 93
93 94
17 95
95 96
96 97
95 98
98 99
16 100
