1 2
2 3
3 4
4 5
3 6
6 7
6 8
8 9
3 10
10 11
10 12
12 13
13 14
13 15
15 16
16 17
3 18
18 19
18 20
20 21
21 22
22 23
21 24
24 25
25 26
26 27
27 28
28 29
27 30
30 31
31 32
30 33
21 34
34 35
34 36
36 37
37 38
38 39
37 40
40 41
21 42
42 43
43 44
43 45
42 46
46 47
47 48
46 49
42 50
50 51
42 52
52 53
53 54
54 55
55 56
54 57
57 58
53 59
21 60
60 61
61 62
62 63
61 64
60 65
65 66
66 67
67 68
68 69
67 70
70 71
66 72
65 73
73 74
74 75
74 76
73 77
77 78
78 79
77 80
73 81
81 82
73 83
83 84
84 85
85 86
84 87
87 88
88 89
89 90
88 91
91 92
60 93
93 94
94 95
95 96
94 97
97 98
21 99
99 100
100 101
99 102
102 103
