1 2
2 3
3 4
4 5
1 6
6 7
7 8
8 9
1 10
10 11
11 12
12 13
11 14
14 15
14 16
16 17
11 18
18 19
19 20
20 21
18 22
22 23
23 24
23 25
25 26
26 27
11 28
28 29
29 30
30 31
28 32
32 33
33 34
34 35
33 36
36 37
37 38
38 39
39 40
40 41
39 42
42 43
43 44
42 45
33 46
46 47
46 48
48 49
49 50
50 51
49 52
52 53
33 54
54 55
55 56
55 57
54 58
58 59
59 60
58 61
54 62
62 63
54 64
64 65
65 66
66 67
67 68
66 69
69 70
65 71
33 72
72 73
73 74
74 75
73 76
72 77
77 78
78 79
79 80
80 81
79 82
82 83
78 84
77 85
85 86
86 87
86 88
85 89
89 90
90 91
89 92
85 93
93 94
85 95
95 96
96 97
97 98
96 99
99 100
100 101
101 102
100 103
103 104
72 105
105 106
106 107
107 108
106 109
109 110
33 111
111 112
112 113
111 114
114 115
