1 2
2 3
3 4
4 5
3 6
6 7
6 8
8 9
3 10
10 11
11 12
12 13
10 14
14 15
15 16
15 17
17 18
18 19
10 20
20 21
21 22
21 23
3 24
24 25
25 26
26 27
24 28
28 29
29 30
30 31
29 32
32 33
33 34
34 35
35 36
36 37
35 38
38 39
39 40
38 41
29 42
42 43
42 44
44 45
45 46
46 47
45 48
48 49
29 50
50 51
51 52
51 53
50 54
54 55
55 56
54 57
50 58
58 59
50 60
60 61
61 62
62 63
63 64
62 65
65 66
61 67
29 68
68 69
69 70
70 71
69 72
68 73
73 74
74 75
75 76
76 77
75 78
78 79
74 80
73 81
81 82
82 83
82 84
81 85
85 86
86 87
85 88
81 89
89 90
81 91
91 92
92 93
93 94
92 95
95 96
96 97
97 98
96 99
99 100
68 101
101 102
102 103
103 104
102 105
105 106
29 107
107 108
108 109
107 110
110 111
24 112
112 113
113 114
114 115
113 116
116 117
117 118
118 119
119 120
120 121
119 122
122 123
123 124
122 125
113 126
126 127
126 128
128 129
129 130
130 131
129 132
132 133
113 134
134 135
135 136
135 137
134 138
138 139
139 140
138 141
134 142
142 143
134 144
144 145
145 146
146 147
147 148
146 149
149 150
145 151
113 152
152 153
153 154
154 155
155 156
154 157
153 158
158 159
159 160
158 161
161 162
152 163
163 164
164 165
165 166
166 167
165 168
168 169
164 170
163 171
171 172
172 173
172 174
171 175
175 176
176 177
175 178
171 179
179 180
171 181
181 182
182 183
183 184
182 185
185 186
186 187
187 188
186 189
189 190
152 191
191 192
192 193
193 194
192 195
195 196
113 197
197 198
198 199
197 200
200 201
