1 2
2 3
3 4
4 5
3 6
6 7
6 8
8 9
3 10
10 11
11 12
12 13
10 14
14 15
15 16
16 17
17 18
18 19
19 20
20 21
21 22
20 23
23 24
24 25
19 26
26 27
17 28
15 29
29 30
29 31
31 32
32 33
32 34
34 35
35 36
34 37
37 38
29 39
39 40
40 41
41 42
40 43
43 44
10 45
45 46
46 47
46 48
3 49
49 50
50 51
51 52
49 53
53 54
54 55
55 56
54 57
57 58
58 59
59 60
60 61
61 62
60 63
63 64
64 65
63 66
54 67
67 68
67 69
69 70
70 71
71 72
70 73
73 74
54 75
75 76
76 77
76 78
75 79
79 80
80 81
79 82
75 83
83 84
75 85
85 86
86 87
87 88
88 89
87 90
90 91
86 92
54 93
93 94
94 95
95 96
94 97
93 98
98 99
99 100
100 101
101 102
100 103
103 104
99 105
98 106
106 107
107 108
107 109
106 110
110 111
111 112
110 113
106 114
114 115
106 116
116 117
117 118
118 119
117 120
120 121
121 122
122 123
121 124
124 125
93 126
126 127
127 128
128 129
127 130
130 131
54 132
132 133
133 134
132 135
135 136
49 137
137 138
138 139
139 140
138 141
141 142
142 143
143 144
144 145
145 146
144 147
147 148
148 149
147 150
138 151
151 152
151 153
153 154
154 155
155 156
154 157
157 158
138 159
159 160
160 161
160 162
159 163
163 164
164 165
163 166
159 167
167 168
159 169
169 170
170 171
171 172
172 173
171 174
174 175
170 176
138 177
177 178
178 179
179 180
180 181
179 182
178 183
183 184
184 185
183 186
186 187
177 188
188 189
189 190
190 191
191 192
190 193
193 194
189 195
188 196
196 197
197 198
197 199
196 200
200 201
201 202
200 203
196 204
204 205
196 206
206 207
207 208
208 209
207 210
210 211
211 212
212 213
211 214
214 215
177 216
216 217
217 218
218 219
217 220
220 221
138 222
222 223
223 224
222 225
225 226
