1 2
2 3
2 4
4 5
5 6
6 7
5 8
8 9
9 10
10 11
11 12
12 13
11 14
14 15
15 16
14 17
5 18
18 19
18 20
20 21
21 22
22 23
21 24
24 25
5 26
26 27
27 28
27 29
26 30
30 31
31 32
30 33
26 34
34 35
26 36
36 37
37 38
38 39
39 40
38 41
41 42
37 43
5 44
44 45
45 46
46 47
45 48
44 49
49 50
50 51
51 52
52 53
51 54
54 55
50 56
49 57
57 58
58 59
58 60
57 61
61 62
62 63
61 64
57 65
65 66
57 67
67 68
68 69
69 70
68 71
71 72
72 73
73 74
72 75
75 76
44 77
77 78
78 79
79 80
78 81
81 82
5 83
83 84
84 85
83 86
86 87
1 88
88 89
89 90
90 91
89 92
92 93
92 94
94 95
89 96
96 97
96 98
98 99
99 100
89 101
101 102
102 103
101 104
104 105
