1 2
2 3
3 4
4 5
3 6
6 7
6 8
8 9
3 10
10 11
10 12
3 13
13 14
13 15
15 16
16 17
17 18
16 19
19 20
20 21
21 22
22 23
23 24
22 25
25 26
26 27
25 28
16 29
29 30
29 31
31 32
32 33
33 34
32 35
35 36
16 37
37 38
38 39
38 40
37 41
41 42
42 43
41 44
37 45
45 46
37 47
47 48
48 49
49 50
50 51
49 52
52 53
48 54
16 55
55 56
56 57
57 58
56 59
55 60
60 61
61 62
62 63
63 64
62 65
65 66
61 67
60 68
68 69
69 70
69 71
68 72
72 73
73 74
72 75
68 76
76 77
68 78
78 79
79 80
80 81
79 82
82 83
83 84
84 85
83 86
86 87
55 88
88 89
89 90
90 91
89 92
92 93
16 94
94 95
95 96
94 97
97 98
