1 2
2 3
3 4
4 5
3 6
6 7
6 8
8 9
3 10
10 11
10 12
12 13
13 14
3 15
15 16
16 17
15 18
18 19
19 20
20 21
21 22
22 23
21 24
24 25
25 26
24 27
15 28
28 29
28 30
30 31
31 32
32 33
31 34
34 35
15 36
36 37
37 38
37 39
36 40
40 41
41 42
40 43
36 44
44 45
36 46
46 47
47 48
48 49
49 50
48 51
51 52
47 53
15 54
54 55
55 56
56 57
55 58
54 59
59 60
60 61
61 62
62 63
61 64
64 65
60 66
59 67
67 68
68 69
68 70
67 71
71 72
72 73
71 74
67 75
75 76
67 77
77 78
78 79
79 80
78 81
81 82
82 83
83 84
82 85
85 86
54 87
87 88
88 89
89 90
88 91
91 92
15 93
93 94
94 95
93 96
96 97
