1 2
2 3
1 4
4 5
5 6
6 7
5 8
8 9
8 10
10 11
5 12
12 13
13 14
14 15
13 16
12 17
17 18
18 19
18 20
5 21
21 22
22 23
23 24
22 25
21 26
26 27
27 28
28 29
27 30
30 31
31 32
32 33
33 34
34 35
33 36
36 37
37 38
36 39
27 40
40 41
40 42
42 43
43 44
44 45
43 46
46 47
27 48
48 49
49 50
49 51
48 52
52 53
53 54
52 55
48 56
56 57
48 58
58 59
59 60
60 61
61 62
60 63
63 64
59 65
27 66
66 67
67 68
68 69
67 70
66 71
71 72
72 73
73 74
74 75
73 76
76 77
72 78
71 79
79 80
80 81
80 82
79 83
83 84
84 85
83 86
79 87
87 88
79 89
89 90
90 91
91 92
90 93
93 94
94 95
95 96
94 97
97 98
66 99
99 100
100 101
101 102
100 103
103 104
27 105
105 106
106 107
105 108
108 109
