1 2
2 3
3 4
4 5
3 6
6 7
6 8
8 9
3 10
10 11
3 12
12 13
13 14
13 15
3 16
16 17
3 18
18 19
19 20
20 21
19 22
22 23
23 24
24 25
25 26
26 27
25 28
28 29
29 30
28 31
19 32
32 33
32 34
34 35
35 36
36 37
35 38
38 39
19 40
40 41
41 42
41 43
40 44
44 45
45 46
44 47
40 48
48 49
40 50
50 51
51 52
52 53
53 54
52 55
55 56
51 57
19 58
58 59
59 60
60 61
59 62
58 63
63 64
64 65
65 66
66 67
65 68
68 69
64 70
63 71
71 72
72 73
72 74
71 75
75 76
76 77
75 78
71 79
79 80
71 81
81 82
82 83
83 84
82 85
85 86
86 87
87 88
86 89
89 90
58 91
91 92
92 93
93 94
92 95
95 96
19 97
97 98
98 99
97 100
100 101
