1 2
2 3
3 4
4 5
3 6
6 7
6 8
8 9
3 10
10 11
10 12
3 13
13 14
14 15
13 16
16 17
17 18
18 19
19 20
20 21
19 22
22 23
23 24
22 25
13 26
26 27
26 28
28 29
29 30
30 31
29 32
32 33
13 34
34 35
35 36
35 37
34 38
38 39
39 40
38 41
34 42
42 43
34 44
44 45
45 46
46 47
47 48
46 49
49 50
45 51
13 52
52 53
53 54
54 55
53 56
52 57
57 58
58 59
59 60
60 61
59 62
62 63
58 64
57 65
65 66
66 67
66 68
65 69
69 70
70 71
69 72
65 73
73 74
65 75
75 76
76 77
77 78
76 79
79 80
80 81
81 82
80 83
83 84
52 85
85 86
86 87
87 88
86 89
89 90
13 91
91 92
92 93
91 94
94 95
