1 2
2 3
3 4
4 5
3 6
6 7
6 8
8 9
3 10
10 11
10 12
12 13
13 14
3 15
15 16
16 17
17 18
18 19
15 20
20 21
21 22
22 23
15 24
24 25
25 26
24 27
27 28
28 29
29 30
30 31
31 32
30 33
33 34
34 35
33 36
24 37
37 38
37 39
39 40
40 41
41 42
40 43
43 44
24 45
45 46
46 47
46 48
45 49
49 50
50 51
49 52
45 53
53 54
45 55
55 56
56 57
57 58
58 59
57 60
60 61
56 62
24 63
63 64
64 65
65 66
64 67
63 68
68 69
69 70
70 71
71 72
70 73
73 74
69 75
68 76
76 77
77 78
77 79
76 80
80 81
81 82
80 83
76 84
84 85
76 86
86 87
87 88
88 89
87 90
90 91
91 92
92 93
91 94
94 95
63 96
96 97
97 98
98 99
97 100
100 101
24 102
102 103
103 104
102 105
105 106
