1 2
2 3
3 4
4 5
3 6
6 7
6 8
8 9
3 10
10 11
10 12
12 13
13 14
13 15
15 16
16 17
17 18
18 19
19 20
20 21
21 22
20 23
23 24
24 25
19 26
26 27
17 28
15 29
29 30
29 31
31 32
32 33
32 34
34 35
35 36
34 37
37 38
29 39
39 40
40 41
41 42
40 43
43 44
12 45
12 46
46 47
47 48
48 49
47 50
50 51
12 52
3 53
53 54
53 55
55 56
56 57
56 58
58 59
59 60
58 61
61 62
62 63
63 64
64 65
65 66
64 67
67 68
68 69
67 70
58 71
71 72
71 73
73 74
74 75
75 76
74 77
77 78
58 79
79 80
80 81
80 82
79 83
83 84
84 85
83 86
79 87
87 88
79 89
89 90
90 91
91 92
92 93
91 94
94 95
90 96
58 97
97 98
98 99
99 100
98 101
97 102
102 103
103 104
104 105
105 106
104 107
107 108
103 109
102 110
110 111
111 112
111 113
110 114
114 115
115 116
114 117
110 118
118 119
110 120
120 121
121 122
122 123
121 124
124 125
125 126
126 127
125 128
128 129
97 130
130 131
131 132
132 133
131 134
134 135
58 136
136 137
137 138
136 139
139 140
55 141
55 142
142 143
143 144
144 145
143 146
146 147
55 148
