1 2
2 3
2 4
4 5
5 6
6 7
7 8
8 9
9 10
10 11
11 12
10 13
13 14
14 15
9 16
16 17
7 18
5 19
19 20
19 21
21 22
22 23
22 24
24 25
25 26
24 27
27 28
19 29
29 30
30 31
31 32
30 33
33 34
4 35
35 36
36 37
1 38
38 39
39 40
40 41
39 42
42 43
42 44
44 45
39 46
46 47
46 48
48 49
49 50
48 51
51 52
39 53
53 54
54 55
53 56
56 57
57 58
58 59
59 60
60 61
59 62
62 63
63 64
62 65
53 66
66 67
66 68
68 69
69 70
70 71
69 72
72 73
53 74
74 75
75 76
75 77
74 78
78 79
79 80
78 81
74 82
82 83
74 84
84 85
85 86
86 87
87 88
86 89
89 90
85 91
53 92
92 93
93 94
94 95
93 96
92 97
97 98
98 99
99 100
100 101
99 102
102 103
98 104
97 105
105 106
106 107
106 108
105 109
109 110
110 111
109 112
105 113
113 114
105 115
115 116
116 117
117 118
116 119
119 120
120 121
121 122
120 123
123 124
92 125
125 126
126 127
127 128
126 129
129 130
53 131
131 132
132 133
131 134
134 135
