1 2
2 3
3 4
4 5
1 6
6 7
7 8
8 9
1 10
10 11
11 12
12 13
11 14
14 15
14 16
16 17
11 18
18 19
19 20
20 21
18 22
22 23
23 24
23 25
11 26
26 27
27 28
28 29
26 30
30 31
31 32
32 33
31 34
34 35
35 36
36 37
37 38
38 39
37 40
40 41
41 42
40 43
31 44
44 45
44 46
46 47
47 48
48 49
47 50
50 51
31 52
52 53
53 54
53 55
52 56
56 57
57 58
56 59
52 60
60 61
52 62
62 63
63 64
64 65
65 66
64 67
67 68
63 69
31 70
70 71
71 72
72 73
71 74
70 75
75 76
76 77
77 78
78 79
77 80
80 81
76 82
75 83
83 84
84 85
84 86
83 87
87 88
88 89
87 90
83 91
91 92
83 93
93 94
94 95
95 96
94 97
97 98
98 99
99 100
98 101
101 102
70 103
103 104
104 105
105 106
104 107
107 108
31 109
109 110
110 111
109 112
112 113
