1 2
2 3
3 4
4 5
3 6
6 7
6 8
8 9
3 10
10 11
11 12
12 13
13 14
14 15
15 16
16 17
15 18
18 19
19 20
14 21
21 22
12 23
10 24
24 25
24 26
26 27
27 28
27 29
29 30
30 31
29 32
32 33
24 34
34 35
35 36
36 37
35 38
38 39
3 40
40 41
41 42
42 43
43 44
40 45
45 46
46 47
47 48
40 49
49 50
50 51
49 52
52 53
53 54
53 55
55 56
49 57
57 58
58 59
59 60
58 61
57 62
62 63
63 64
64 65
65 66
64 67
67 68
63 69
62 70
70 71
71 72
71 73
70 74
74 75
75 76
74 77
70 78
78 79
70 80
80 81
81 82
82 83
81 84
84 85
85 86
86 87
85 88
88 89
57 90
90 91
91 92
92 93
91 94
94 95
