1 2
2 3
2 4
4 5
5 6
6 7
5 8
8 9
9 10
9 11
11 12
5 13
13 14
14 15
15 16
14 17
13 18
18 19
19 20
20 21
21 22
20 23
23 24
19 25
18 26
26 27
27 28
27 29
26 30
30 31
31 32
30 33
26 34
34 35
26 36
36 37
37 38
38 39
37 40
40 41
41 42
42 43
41 44
44 45
13 46
46 47
47 48
48 49
47 50
50 51
1 52
52 53
53 54
54 55
53 56
56 57
57 58
57 59
59 60
53 61
61 62
61 63
63 64
53 65
65 66
66 67
67 68
68 69
69 70
70 71
71 72
70 73
73 74
74 75
69 76
76 77
67 78
65 79
79 80
79 81
81 82
82 83
82 84
84 85
85 86
84 87
87 88
79 89
89 90
90 91
91 92
90 93
93 94
53 95
95 96
96 97
95 98
98 99
