1 2
2 3
2 4
1 5
5 6
6 7
6 8
1 9
9 10
10 11
11 12
10 13
13 14
14 15
10 16
16 17
16 18
18 19
10 20
20 21
21 22
22 23
23 24
24 25
25 26
26 27
25 28
28 29
29 30
24 31
31 32
22 33
20 34
34 35
34 36
36 37
37 38
37 39
39 40
40 41
39 42
42 43
34 44
44 45
45 46
46 47
45 48
48 49
10 50
50 51
51 52
50 53
53 54
10 55
55 56
56 57
57 58
58 59
59 60
55 61
61 62
62 63
61 64
64 65
65 66
65 67
67 68
61 69
69 70
70 71
71 72
70 73
69 74
74 75
75 76
76 77
77 78
76 79
79 80
75 81
74 82
82 83
83 84
83 85
82 86
86 87
87 88
86 89
82 90
90 91
82 92
92 93
93 94
94 95
93 96
96 97
97 98
98 99
97 100
100 101
69 102
102 103
103 104
104 105
103 106
106 107
