1 2
2 3
3 4
4 5
3 6
6 7
6 8
8 9
3 10
10 11
11 12
11 13
10 14
14 15
15 16
16 17
17 18
18 19
19 20
20 21
21 22
20 23
23 24
24 25
19 26
26 27
17 28
15 29
29 30
29 31
31 32
32 33
32 34
34 35
35 36
34 37
37 38
29 39
39 40
40 41
41 42
40 43
43 44
3 45
45 46
46 47
46 48
45 49
49 50
50 51
51 52
50 53
53 54
54 55
54 56
56 57
50 58
58 59
59 60
60 61
59 62
58 63
63 64
64 65
65 66
66 67
65 68
68 69
64 70
63 71
71 72
72 73
72 74
71 75
75 76
76 77
75 78
71 79
79 80
71 81
81 82
82 83
83 84
82 85
85 86
86 87
87 88
86 89
89 90
58 91
91 92
92 93
93 94
92 95
95 96
