1 2
2 3
3 4
4 5
1 6
6 7
7 8
8 9
1 10
10 11
11 12
12 13
11 14
14 15
14 16
16 17
11 18
18 19
19 20
20 21
18 22
22 23
23 24
24 25
25 26
26 27
27 28
28 29
29 30
28 31
31 32
32 33
27 34
34 35
25 36
23 37
37 38
37 39
39 40
40 41
40 42
42 43
43 44
42 45
45 46
37 47
47 48
48 49
49 50
48 51
51 52
11 53
53 54
54 55
55 56
53 57
57 58
58 59
59 60
58 61
61 62
62 63
62 64
64 65
58 66
66 67
67 68
68 69
67 70
66 71
71 72
72 73
73 74
74 75
73 76
76 77
72 78
71 79
79 80
80 81
80 82
79 83
83 84
84 85
83 86
79 87
87 88
79 89
89 90
90 91
91 92
90 93
93 94
94 95
95 96
94 97
97 98
66 99
99 100
100 101
101 102
100 103
103 104
