1 2
2 3
1 4
4 5
1 6
6 7
7 8
8 9
7 10
10 11
10 12
12 13
7 14
14 15
15 16
14 17
17 18
18 19
19 20
20 21
21 22
22 23
23 24
24 25
23 26
26 27
27 28
22 29
29 30
20 31
18 32
32 33
32 34
34 35
35 36
35 37
37 38
38 39
37 40
40 41
32 42
42 43
43 44
44 45
43 46
46 47
7 48
48 49
49 50
48 51
51 52
52 53
53 54
52 55
55 56
56 57
56 58
58 59
52 60
60 61
61 62
62 63
61 64
60 65
65 66
66 67
67 68
68 69
67 70
70 71
66 72
65 73
73 74
74 75
74 76
73 77
77 78
78 79
77 80
73 81
81 82
73 83
83 84
84 85
85 86
84 87
87 88
88 89
89 90
88 91
91 92
60 93
93 94
94 95
95 96
94 97
97 98
