1 2
2 3
3 4
4 5
4 6
3 7
7 8
3 9
9 10
9 11
11 12
3 13
13 14
14 15
14 16
13 17
17 18
18 19
17 20
13 21
21 22
13 23
23 24
24 25
25 26
26 27
27 28
28 29
29 30
30 31
29 32
32 33
33 34
28 35
35 36
26 37
24 38
38 39
38 40
40 41
41 42
41 43
43 44
44 45
43 46
46 47
38 48
48 49
49 50
50 51
49 52
52 53
3 54
54 55
55 56
55 57
54 58
58 59
59 60
58 61
54 62
62 63
54 64
64 65
65 66
66 67
65 68
68 69
69 70
69 71
71 72
65 73
73 74
74 75
75 76
74 77
73 78
78 79
79 80
80 81
81 82
80 83
83 84
79 85
78 86
86 87
87 88
87 89
86 90
90 91
91 92
90 93
86 94
94 95
86 96
96 97
97 98
98 99
97 100
100 101
101 102
102 103
101 104
104 105
73 106
106 107
107 108
108 109
107 110
110 111
