1 2
2 3
3 4
4 5
3 6
6 7
6 8
8 9
3 10
10 11
11 12
12 13
10 14
14 15
15 16
16 17
17 18
18 19
19 20
20 21
21 22
20 23
23 24
24 25
19 26
26 27
17 28
15 29
29 30
29 31
31 32
32 33
32 34
34 35
35 36
34 37
37 38
29 39
39 40
40 41
41 42
40 43
43 44
10 45
45 46
46 47
46 48
3 49
49 50
50 51
51 52
49 53
53 54
54 55
55 56
54 57
57 58
58 59
58 60
60 61
54 62
62 63
63 64
64 65
63 66
62 67
67 68
68 69
69 70
70 71
69 72
72 73
68 74
67 75
75 76
76 77
76 78
75 79
79 80
80 81
79 82
75 83
83 84
75 85
85 86
86 87
87 88
86 89
89 90
90 91
91 92
90 93
93 94
62 95
95 96
96 97
97 98
96 99
99 100
49 101
101 102
102 103
103 104
102 105
105 106
106 107
106 108
108 109
102 110
110 111
111 112
112 113
113 114
112 115
111 116
116 117
117 118
116 119
119 120
110 121
121 122
122 123
123 124
124 125
123 126
126 127
122 128
121 129
129 130
130 131
130 132
129 133
133 134
134 135
133 136
129 137
137 138
129 139
139 140
140 141
141 142
140 143
143 144
144 145
145 146
144 147
147 148
110 149
149 150
150 151
151 152
150 153
153 154
