1 2
2 3
2 4
4 5
5 6
6 7
7 8
8 9
9 10
10 11
11 12
10 13
13 14
14 15
9 16
16 17
7 18
5 19
19 20
19 21
21 22
22 23
22 24
24 25
25 26
24 27
27 28
19 29
29 30
30 31
31 32
30 33
33 34
4 35
35 36
36 37
1 38
38 39
39 40
40 41
39 42
42 43
42 44
44 45
39 46
46 47
46 48
48 49
49 50
48 51
51 52
39 53
53 54
54 55
53 56
56 57
57 58
57 59
59 60
53 61
61 62
62 63
63 64
62 65
61 66
66 67
67 68
68 69
69 70
68 71
71 72
67 73
66 74
74 75
75 76
75 77
74 78
78 79
79 80
78 81
74 82
82 83
74 84
84 85
85 86
86 87
85 88
88 89
89 90
90 91
89 92
92 93
61 94
94 95
95 96
96 97
95 98
98 99
