1 2
2 3
3 4
4 5
3 6
6 7
6 8
8 9
3 10
10 11
10 12
12 13
13 14
14 15
15 16
16 17
17 18
18 19
19 20
18 21
21 22
22 23
17 24
24 25
15 26
13 27
27 28
27 29
29 30
30 31
30 32
32 33
33 34
32 35
35 36
27 37
37 38
38 39
39 40
38 41
41 42
3 43
43 44
43 45
45 46
46 47
47 48
46 49
49 50
50 51
50 52
52 53
46 54
54 55
55 56
56 57
55 58
54 59
59 60
60 61
61 62
62 63
61 64
64 65
60 66
59 67
67 68
68 69
68 70
67 71
71 72
72 73
71 74
67 75
75 76
67 77
77 78
78 79
79 80
78 81
81 82
82 83
83 84
82 85
85 86
54 87
87 88
88 89
89 90
88 91
91 92
