1 2
1 3
1 4
1 5
5 6
6 7
7 8
8 9
9 10
6 11
11 12
12 13
11 14
14 15
15 16
15 17
17 18
11 19
19 20
20 21
21 22
20 23
19 24
24 25
25 26
26 27
27 28
26 29
29 30
25 31
24 32
32 33
33 34
33 35
32 36
36 37
37 38
36 39
32 40
40 41
32 42
42 43
43 44
44 45
43 46
46 47
47 48
48 49
47 50
50 51
19 52
52 53
53 54
54 55
53 56
56 57
1 58
58 59
59 60
60 61
59 62
62 63
62 64
64 65
59 66
66 67
67 68
68 69
69 70
70 71
71 72
72 73
71 74
74 75
75 76
70 77
77 78
68 79
66 80
80 81
80 82
82 83
83 84
83 85
85 86
86 87
85 88
88 89
80 90
90 91
91 92
92 93
91 94
94 95
59 96
96 97
96 98
98 99
59 100
100 101
101 102
