1 2
2 3
3 4
4 5
3 6
6 7
6 8
8 9
3 10
10 11
10 12
12 13
13 14
13 15
15 16
16 17
17 18
18 19
19 20
20 21
21 22
20 23
23 24
24 25
19 26
26 27
17 28
15 29
29 30
29 31
31 32
32 33
32 34
34 35
35 36
34 37
37 38
29 39
39 40
40 41
41 42
40 43
43 44
12 45
12 46
46 47
47 48
48 49
47 50
50 51
12 52
3 53
53 54
53 55
55 56
56 57
56 58
58 59
59 60
58 61
61 62
62 63
62 64
64 65
58 66
66 67
67 68
68 69
67 70
66 71
71 72
72 73
73 74
74 75
73 76
76 77
72 78
71 79
79 80
80 81
80 82
79 83
83 84
84 85
83 86
79 87
87 88
79 89
89 90
90 91
91 92
90 93
93 94
94 95
95 96
94 97
97 98
66 99
99 100
100 101
101 102
100 103
103 104
55 105
55 106
106 107
107 108
108 109
107 110
110 111
55 112
