1 2
2 3
3 4
4 5
3 6
6 7
6 8
8 9
3 10
10 11
11 12
12 13
10 14
14 15
15 16
15 17
10 18
18 19
19 20
19 21
3 22
22 23
23 24
24 25
22 26
26 27
27 28
28 29
27 30
30 31
31 32
31 33
33 34
27 35
35 36
36 37
37 38
36 39
35 40
40 41
41 42
42 43
43 44
42 45
45 46
41 47
40 48
48 49
49 50
49 51
48 52
52 53
53 54
52 55
48 56
56 57
48 58
58 59
59 60
60 61
59 62
62 63
63 64
64 65
63 66
66 67
35 68
68 69
69 70
70 71
69 72
72 73
22 74
74 75
75 76
76 77
75 78
78 79
79 80
79 81
81 82
75 83
83 84
84 85
85 86
86 87
85 88
84 89
89 90
90 91
89 92
92 93
83 94
94 95
95 96
96 97
97 98
96 99
99 100
95 101
94 102
102 103
103 104
103 105
102 106
106 107
107 108
106 109
102 110
110 111
102 112
112 113
113 114
114 115
113 116
116 117
117 118
118 119
117 120
120 121
83 122
122 123
123 124
124 125
123 126
126 127
