1 2
2 3
3 4
4 5
3 6
6 7
6 8
8 9
3 10
10 11
11 12
12 13
10 14
14 15
15 16
15 17
17 18
18 19
10 20
20 21
21 22
21 23
3 24
24 25
25 26
26 27
24 28
28 29
29 30
30 31
29 32
32 33
33 34
33 35
35 36
29 37
37 38
38 39
39 40
38 41
37 42
42 43
43 44
44 45
45 46
44 47
47 48
43 49
42 50
50 51
51 52
51 53
50 54
54 55
55 56
54 57
50 58
58 59
50 60
60 61
61 62
62 63
61 64
64 65
65 66
66 67
65 68
68 69
37 70
70 71
71 72
72 73
71 74
74 75
24 76
76 77
77 78
78 79
77 80
80 81
81 82
81 83
83 84
77 85
85 86
86 87
87 88
88 89
87 90
86 91
91 92
92 93
91 94
94 95
85 96
96 97
97 98
98 99
99 100
98 101
101 102
97 103
96 104
104 105
105 106
105 107
104 108
108 109
109 110
108 111
104 112
112 113
104 114
114 115
115 116
116 117
115 118
118 119
119 120
120 121
119 122
122 123
85 124
124 125
125 126
126 127
125 128
128 129
