1 2
2 3
3 4
4 5
3 6
6 7
7 8
8 9
3 10
10 11
11 12
12 13
3 14
14 15
14 16
16 17
3 18
18 19
19 20
20 21
21 22
22 23
23 24
18 25
25 26
25 27
27 28
28 29
18 30
30 31
31 32
32 33
30 34
34 35
3 36
36 37
37 38
38 39
39 40
40 41
41 42
36 43
43 44
44 45
43 46
46 47
47 48
47 49
49 50
43 51
51 52
52 53
53 54
52 55
51 56
56 57
57 58
58 59
59 60
58 61
61 62
57 63
56 64
64 65
65 66
65 67
64 68
68 69
69 70
68 71
64 72
72 73
64 74
74 75
75 76
76 77
75 78
78 79
79 80
80 81
79 82
82 83
51 84
84 85
85 86
86 87
85 88
88 89
