1 2
1 3
1 4
1 5
1 6
1 7
7 8
7 9
9 10
9 11
11 12
7 13
13 14
14 15
14 16
16 17
1 18
18 19
19 20
19 21
21 22
21 23
23 24
19 25
25 26
26 27
26 28
28 29
1 30
30 31
1 32
1 33
33 34
1 35
1 36
36 37
1 38
38 39
38 40
40 41
40 42
38 43
38 44
38 45
38 46
46 47
1 48
48 49
1 50
50 51
1 52
1 53
53 54
53 55
1 56
56 57
56 58
1 59
59 60
59 61
1 62
62 63
62 64
1 65
65 66
65 67
65 68
65 69
65 70
1 71
71 72
71 73
71 74
71 75
71 76
71 77
1 78
78 79
78 80
78 81
1 82
82 83
82 84
82 85
82 86
1 87
87 88
87 89
87 90
87 91
91 92
1 93
93 94
93 95
93 96
93 97
93 98
98 99
1 100
100 101
100 102
100 103
1 104
104 105
1 106
106 107
106 108
106 109
106 110
110 111
1 112
112 113
1 114
114 115
114 116
1 117
117 118
117 119
1 120
120 121
120 122
1 123
123 124
123 125
1 126
126 127
126 128
1 129
129 130
129 131
1 132
132 133
132 134
1 135
135 136
1 137
137 138
137 139
1 140
140 141
140 142
1 143
143 144
143 145
1 146
146 147
146 148
146 149
146 150
146 151
1 152
152 153
1 154
154 155
1 156
156 157
1 158
158 159
158 160
158 161
1 162
162 163
162 164
164 165
1 166
166 167
166 168
166 169
169 170
1 171
171 172
1 173
173 174
1 175
175 176
1 177
177 178
1 179
179 180
1 181
181 182
1 183
183 184
1 185
185 186
1 187
187 188
187 189
187 190
1 191
191 192
191 193
191 194
1 195
195 196
195 197
195 198
1 199
199 200
199 201
199 202
199 203
1 204
204 205
204 206
204 207
204 208
1 209
209 210
209 211
209 212
209 213
1 214
214 215
214 216
214 217
214 218
1 219
219 220
1 221
221 222
1 223
223 224
223 225
223 226
223 227
1 228
228 229
228 230
230 231
228 232
1 233
233 234
234 235
233 236
1 237
237 238
1 239
239 240
239 241
239 242
239 243
1 244
244 245
245 246
244 247
244 248
1 249
249 250
249 251
1 252
252 253
252 254
252 255
252 256
252 257
1 258
258 259
259 260
258 261
1 262
262 263
1 264
264 265
264 266
264 267
1 268
268 269
268 270
270 271
268 272
1 273
273 274
273 275
1 276
276 277
276 278
276 279
276 280
1 281
281 282
282 283
281 284
281 285
1 286
286 287
286 288
1 289
289 290
289 291
289 292
289 293
1 294
294 295
294 296
296 297
294 298
294 299
1 300
300 301
300 302
300 303
1 304
304 305
304 306
304 307
304 308
304 309
1 310
310 311
310 312
312 313
1 314
314 315
314 316
316 317
1 318
318 319
1 320
320 321
320 322
320 323
323 324
1 325
325 326
325 327
325 328
328 329
1 330
330 331
330 332
1 333
1 334
334 335
334 336
336 337
1 338
338 339
338 340
340 341
338 342
342 343
1 344
344 345
1 346
346 347
347 348
348 349
347 350
350 351
351 352
347 353
353 354
354 355
355 356
355 357
347 358
358 359
358 360
360 361
361 362
361 363
363 364
363 365
365 366
360 367
367 368
368 369
369 370
368 371
367 372
372 373
360 374
360 375
375 376
376 377
377 378
376 379
379 380
360 381
347 382
382 383
383 384
384 385
385 386
385 387
384 388
382 389
389 390
390 391
389 392
392 393
389 394
394 395
395 396
382 397
397 398
398 399
397 400
400 401
