1 2
2 3
3 4
4 5
5 6
4 7
7 8
8 9
9 10
4 11
11 12
12 13
13 14
4 15
15 16
15 17
17 18
4 19
19 20
20 21
21 22
22 23
23 24
24 25
19 26
26 27
27 28
28 29
29 30
30 31
31 32
32 33
31 34
34 35
35 36
30 37
37 38
28 39
26 40
40 41
40 42
40 43
19 44
44 45
45 46
46 47
44 48
48 49
4 50
50 51
51 52
52 53
53 54
54 55
55 56
50 57
57 58
58 59
57 60
60 61
61 62
62 63
63 64
57 65
65 66
66 67
66 68
65 69
69 70
70 71
69 72
65 73
73 74
65 75
75 76
76 77
77 78
78 79
77 80
80 81
76 82
57 83
83 84
84 85
85 86
84 87
83 88
88 89
89 90
90 91
91 92
90 93
93 94
89 95
88 96
96 97
97 98
97 99
96 100
100 101
101 102
100 103
96 104
104 105
96 106
83 107
57 108
108 109
109 110
