1 2
2 3
3 4
4 5
5 6
4 7
7 8
7 9
9 10
4 11
11 12
12 13
12 14
11 15
15 16
16 17
17 18
18 19
19 20
20 21
21 22
22 23
21 24
24 25
25 26
20 27
27 28
18 29
16 30
30 31
30 32
30 33
4 34
34 35
35 36
35 37
34 38
38 39
39 40
40 41
39 42
42 43
43 44
44 45
45 46
39 47
47 48
48 49
48 50
47 51
51 52
52 53
51 54
47 55
55 56
47 57
57 58
58 59
59 60
60 61
59 62
62 63
58 64
39 65
65 66
66 67
67 68
66 69
65 70
70 71
71 72
72 73
73 74
72 75
75 76
71 77
70 78
78 79
79 80
79 81
78 82
82 83
83 84
82 85
78 86
86 87
78 88
65 89
39 90
90 91
91 92
