1 2
2 3
3 4
4 5
5 6
4 7
7 8
7 9
9 10
4 11
11 12
12 13
11 14
14 15
15 16
16 17
17 18
18 19
19 20
20 21
21 22
20 23
23 24
24 25
19 26
26 27
17 28
15 29
29 30
29 31
29 32
14 33
4 34
34 35
35 36
34 37
37 38
38 39
39 40
38 41
41 42
42 43
43 44
44 45
38 46
46 47
47 48
47 49
46 50
50 51
51 52
50 53
46 54
54 55
46 56
56 57
57 58
58 59
59 60
58 61
61 62
57 63
38 64
64 65
65 66
66 67
65 68
64 69
69 70
70 71
71 72
72 73
71 74
74 75
70 76
69 77
77 78
78 79
78 80
77 81
81 82
82 83
81 84
77 85
85 86
77 87
64 88
38 89
89 90
90 91
37 92
