1 2
2 3
3 4
3 5
5 6
6 7
7 8
8 9
9 10
10 11
11 12
12 13
11 14
14 15
15 16
10 17
17 18
8 19
6 20
20 21
20 22
20 23
5 24
24 25
25 26
2 27
27 28
28 29
29 30
28 31
31 32
31 33
33 34
28 35
35 36
35 37
37 38
38 39
37 40
40 41
28 42
42 43
43 44
42 45
45 46
46 47
47 48
48 49
42 50
50 51
51 52
51 53
50 54
54 55
55 56
54 57
50 58
58 59
50 60
60 61
61 62
62 63
63 64
62 65
65 66
61 67
42 68
68 69
69 70
70 71
69 72
68 73
73 74
74 75
75 76
76 77
75 78
78 79
74 80
73 81
81 82
82 83
82 84
81 85
85 86
86 87
85 88
81 89
89 90
81 91
68 92
42 93
93 94
94 95
