1 2
2 3
2 4
2 5
2 6
6 7
7 8
8 9
9 10
10 11
7 12
12 13
13 14
12 15
15 16
16 17
17 18
18 19
12 20
20 21
21 22
21 23
20 24
24 25
25 26
24 27
20 28
28 29
20 30
30 31
31 32
32 33
33 34
32 35
35 36
31 37
12 38
38 39
39 40
40 41
39 42
38 43
43 44
44 45
45 46
46 47
45 48
48 49
44 50
43 51
51 52
52 53
52 54
51 55
55 56
56 57
55 58
51 59
59 60
51 61
38 62
12 63
63 64
64 65
2 66
66 67
67 68
68 69
67 70
70 71
70 72
72 73
67 74
74 75
75 76
76 77
77 78
78 79
79 80
80 81
79 82
82 83
83 84
78 85
85 86
76 87
74 88
88 89
88 90
88 91
67 92
92 93
92 94
94 95
67 96
96 97
97 98
