1 2
2 3
3 4
4 5
5 6
4 7
7 8
7 9
9 10
4 11
11 12
4 13
13 14
14 15
15 16
16 17
17 18
18 19
19 20
20 21
19 22
22 23
23 24
18 25
25 26
16 27
14 28
28 29
28 30
28 31
4 32
32 33
4 34
34 35
35 36
36 37
35 38
38 39
39 40
40 41
41 42
35 43
43 44
44 45
44 46
43 47
47 48
48 49
47 50
43 51
51 52
43 53
53 54
54 55
55 56
56 57
55 58
58 59
54 60
35 61
61 62
62 63
63 64
62 65
61 66
66 67
67 68
68 69
69 70
68 71
71 72
67 73
66 74
74 75
75 76
75 77
74 78
78 79
79 80
78 81
74 82
82 83
74 84
61 85
35 86
86 87
87 88
