1 2
2 3
3 4
4 5
5 6
4 7
7 8
7 9
9 10
4 11
11 12
12 13
11 14
14 15
15 16
16 17
17 18
18 19
19 20
20 21
21 22
20 23
23 24
24 25
19 26
26 27
17 28
15 29
29 30
29 31
29 32
4 33
33 34
34 35
33 36
36 37
37 38
38 39
37 40
40 41
41 42
42 43
43 44
37 45
45 46
46 47
46 48
45 49
49 50
50 51
49 52
45 53
53 54
45 55
55 56
56 57
57 58
58 59
57 60
60 61
56 62
37 63
63 64
64 65
65 66
64 67
63 68
68 69
69 70
70 71
71 72
70 73
73 74
69 75
68 76
76 77
77 78
77 79
76 80
80 81
81 82
80 83
76 84
84 85
76 86
63 87
37 88
88 89
89 90
