1 2
2 3
3 4
3 5
5 6
6 7
7 8
6 9
9 10
10 11
11 12
12 13
6 14
14 15
15 16
15 17
14 18
18 19
19 20
18 21
14 22
22 23
14 24
24 25
25 26
26 27
27 28
26 29
29 30
25 31
6 32
32 33
33 34
34 35
33 36
32 37
37 38
38 39
39 40
40 41
39 42
42 43
38 44
37 45
45 46
46 47
46 48
45 49
49 50
50 51
49 52
45 53
53 54
45 55
32 56
6 57
57 58
58 59
2 60
60 61
61 62
62 63
61 64
64 65
64 66
66 67
61 68
68 69
69 70
70 71
71 72
72 73
73 74
74 75
73 76
76 77
77 78
72 79
79 80
70 81
68 82
82 83
82 84
82 85
61 86
86 87
87 88
86 89
89 90
