1 2
2 3
3 4
4 5
1 6
6 7
7 8
8 9
1 10
10 11
11 12
12 13
13 14
12 15
15 16
15 17
17 18
12 19
19 20
20 21
21 22
22 23
19 24
24 25
25 26
26 27
27 28
28 29
29 30
30 31
31 32
30 33
33 34
34 35
29 36
36 37
27 38
25 39
39 40
39 41
39 42
12 43
43 44
44 45
45 46
46 47
43 48
48 49
49 50
50 51
49 52
52 53
53 54
54 55
55 56
49 57
57 58
58 59
58 60
57 61
61 62
62 63
61 64
57 65
65 66
57 67
67 68
68 69
69 70
70 71
69 72
72 73
68 74
49 75
75 76
76 77
77 78
76 79
75 80
80 81
81 82
82 83
83 84
82 85
85 86
81 87
80 88
88 89
89 90
89 91
88 92
92 93
93 94
92 95
88 96
96 97
88 98
75 99
49 100
100 101
101 102
