1 2
2 3
1 4
4 5
1 6
6 7
7 8
8 9
9 10
8 11
11 12
11 13
13 14
8 15
15 16
16 17
17 18
15 19
19 20
20 21
21 22
22 23
23 24
24 25
25 26
26 27
25 28
28 29
29 30
24 31
31 32
22 33
20 34
34 35
34 36
34 37
8 38
38 39
39 40
40 41
38 42
42 43
43 44
44 45
43 46
46 47
47 48
48 49
49 50
43 51
51 52
52 53
52 54
51 55
55 56
56 57
55 58
51 59
59 60
51 61
61 62
62 63
63 64
64 65
63 66
66 67
62 68
43 69
69 70
70 71
71 72
70 73
69 74
74 75
75 76
76 77
77 78
76 79
79 80
75 81
74 82
82 83
83 84
83 85
82 86
86 87
87 88
86 89
82 90
90 91
82 92
69 93
43 94
94 95
95 96
