1 2
2 3
3 4
3 5
5 6
6 7
7 8
8 9
9 10
10 11
11 12
12 13
11 14
14 15
15 16
10 17
17 18
8 19
6 20
20 21
20 22
20 23
2 24
24 25
25 26
26 27
25 28
28 29
28 30
30 31
25 32
32 33
33 34
32 35
25 36
36 37
37 38
36 39
39 40
40 41
41 42
42 43
36 44
44 45
45 46
45 47
44 48
48 49
49 50
48 51
44 52
52 53
44 54
54 55
55 56
56 57
57 58
56 59
59 60
55 61
36 62
62 63
63 64
64 65
63 66
62 67
67 68
68 69
69 70
70 71
69 72
72 73
68 74
67 75
75 76
76 77
76 78
75 79
79 80
80 81
79 82
75 83
83 84
75 85
62 86
36 87
87 88
88 89
