1 2
2 3
3 4
4 5
5 6
5 7
4 8
8 9
4 10
10 11
10 12
12 13
4 14
14 15
15 16
15 17
14 18
18 19
19 20
18 21
14 22
22 23
14 24
24 25
25 26
26 27
27 28
28 29
29 30
30 31
31 32
30 33
33 34
34 35
29 36
36 37
27 38
25 39
39 40
39 41
39 42
4 43
43 44
44 45
44 46
43 47
47 48
48 49
47 50
43 51
51 52
43 53
53 54
54 55
55 56
54 57
57 58
58 59
59 60
60 61
54 62
62 63
63 64
63 65
62 66
66 67
67 68
66 69
62 70
70 71
62 72
72 73
73 74
74 75
75 76
74 77
77 78
73 79
54 80
80 81
81 82
82 83
81 84
80 85
85 86
86 87
87 88
88 89
87 90
90 91
86 92
85 93
93 94
94 95
94 96
93 97
97 98
98 99
97 100
93 101
101 102
93 103
80 104
54 105
105 106
106 107
