1 2
2 3
1 4
4 5
5 6
6 7
7 8
6 9
9 10
9 11
11 12
6 13
13 14
14 15
15 16
14 17
13 18
18 19
19 20
20 21
21 22
22 23
23 24
24 25
25 26
24 27
27 28
28 29
23 30
30 31
21 32
19 33
33 34
33 35
33 36
6 37
37 38
38 39
39 40
38 41
37 42
42 43
43 44
44 45
43 46
46 47
47 48
48 49
49 50
43 51
51 52
52 53
52 54
51 55
55 56
56 57
55 58
51 59
59 60
51 61
61 62
62 63
63 64
64 65
63 66
66 67
62 68
43 69
69 70
70 71
71 72
70 73
69 74
74 75
75 76
76 77
77 78
76 79
79 80
75 81
74 82
82 83
83 84
83 85
82 86
86 87
87 88
86 89
82 90
90 91
82 92
69 93
43 94
94 95
95 96
