1 2
2 3
3 4
3 5
2 6
6 7
7 8
7 9
2 10
10 11
11 12
12 13
11 14
14 15
15 16
15 17
11 18
18 19
18 20
20 21
11 22
22 23
23 24
24 25
25 26
26 27
27 28
28 29
27 30
30 31
31 32
26 33
33 34
24 35
22 36
36 37
36 38
36 39
11 40
40 41
41 42
40 43
43 44
11 45
45 46
46 47
47 48
48 49
49 50
45 51
51 52
52 53
51 54
54 55
55 56
56 57
57 58
51 59
59 60
60 61
60 62
59 63
63 64
64 65
63 66
59 67
67 68
59 69
69 70
70 71
71 72
72 73
71 74
74 75
70 76
51 77
77 78
78 79
79 80
78 81
77 82
82 83
83 84
84 85
85 86
84 87
87 88
83 89
82 90
90 91
91 92
91 93
90 94
94 95
95 96
94 97
90 98
98 99
90 100
77 101
51 102
102 103
103 104
