1 2
2 3
3 4
3 5
2 6
6 7
7 8
7 9
2 10
10 11
11 12
12 13
11 14
14 15
15 16
15 17
11 18
18 19
18 20
20 21
11 22
22 23
22 24
11 25
25 26
26 27
25 28
28 29
11 30
30 31
31 32
32 33
33 34
34 35
30 36
36 37
37 38
36 39
39 40
40 41
41 42
42 43
36 44
44 45
45 46
45 47
44 48
48 49
49 50
48 51
44 52
52 53
44 54
54 55
55 56
56 57
57 58
56 59
59 60
55 61
36 62
62 63
63 64
64 65
63 66
62 67
67 68
68 69
69 70
70 71
69 72
72 73
68 74
67 75
75 76
76 77
76 78
75 79
79 80
80 81
79 82
75 83
83 84
75 85
62 86
36 87
87 88
88 89
