1 2
2 3
3 4
3 5
5 6
2 7
7 8
8 9
7 10
7 11
11 12
1 13
13 14
13 15
13 16
13 17
13 18
13 19
13 20
13 21
13 22
13 23
13 24
13 25
13 26
26 27
13 28
28 29
13 30
30 31
13 32
32 33
13 34
34 35
13 36
36 37
13 38
38 39
13 40
40 41
13 42
13 43
13 44
13 45
13 46
13 47
13 48
13 49
13 50
13 51
13 52
13 53
13 54
13 55
13 56
56 57
57 58
13 59
59 60
60 61
61 62
13 63
13 64
13 65
13 66
13 67
13 68
13 69
13 70
13 71
13 72
13 73
13 74
13 75
13 76
13 77
13 78
13 79
13 80
13 81
13 82
13 83
13 84
13 85
85 86
13 87
13 88
13 89
13 90
13 91
91 92
13 93
93 94
13 95
95 96
13 97
97 98
13 99
99 100
13 101
101 102
13 103
103 104
13 105
105 106
13 107
107 108
13 109
109 110
13 111
111 112
13 113
113 114
13 115
115 116
13 117
117 118
13 119
119 120
13 121
121 122
13 123
123 124
13 125
125 126
13 127
127 128
13 129
129 130
13 131
131 132
13 133
133 134
13 135
135 136
13 137
137 138
13 139
139 140
13 141
141 142
13 143
143 144
13 145
145 146
13 147
147 148
13 149
13 150
13 151
13 152
13 153
153 154
13 155
155 156
13 157
157 158
13 159
159 160
13 161
161 162
13 163
163 164
13 165
165 166
13 167
167 168
13 169
169 170
13 171
171 172
171 173
173 174
171 175
175 176
176 177
177 178
178 179
178 180
180 181
181 182
182 183
183 184
184 185
185 186
186 187
187 188
188 189
189 190
186 191
184 192
182 193
193 194
194 195
195 196
196 197
197 198
198 199
199 200
196 201
194 202
13 203
203 204
203 205
205 206
203 207
207 208
208 209
209 210
210 211
211 212
212 213
213 214
214 215
215 216
216 217
217 218
218 219
216 220
214 221
212 222
222 223
223 224
224 225
225 226
226 227
227 228
225 229
223 230
211 231
231 232
232 233
233 234
234 235
235 236
236 237
234 238
232 239
210 240
240 241
241 242
242 243
243 244
244 245
245 246
243 247
241 248
13 249
249 250
249 251
251 252
249 253
253 254
254 255
255 256
256 257
257 258
258 259
259 260
260 261
261 262
262 263
263 264
264 265
265 266
266 267
267 268
268 269
269 270
270 271
267 272
265 273
263 274
274 275
275 276
276 277
277 278
278 279
279 280
280 281
277 282
275 283
262 284
284 285
285 286
286 287
287 288
288 289
289 290
290 291
287 292
285 293
261 294
294 295
295 296
296 297
297 298
298 299
299 300
300 301
297 302
295 303
260 304
304 305
305 306
306 307
307 308
308 309
309 310
310 311
307 312
305 313
259 314
314 315
315 316
316 317
317 318
318 319
319 320
320 321
317 322
315 323
258 324
324 325
325 326
326 327
327 328
328 329
329 330
330 331
327 332
325 333
257 334
334 335
335 336
336 337
337 338
338 339
339 340
340 341
337 342
335 343
13 344
344 345
344 346
346 347
344 348
348 349
349 350
350 351
13 352
352 353
352 354
354 355
352 356
356 357
357 358
358 359
13 360
360 361
360 362
362 363
360 364
364 365
365 366
366 367
13 368
368 369
369 370
370 371
371 372
372 373
371 374
374 375
375 376
376 377
375 378
13 379
379 380
380 381
381 382
382 383
383 384
384 385
383 386
386 387
387 388
388 389
387 390
13 391
391 392
13 393
393 394
394 395
393 396
396 397
13 398
398 399
399 400
398 401
401 402
13 403
13 404
404 405
405 406
405 407
407 408
407 409
409 410
410 411
410 412
412 413
413 414
414 415
13 416
416 417
417 418
418 419
418 420
420 421
420 422
422 423
423 424
423 425
425 426
426 427
427 428
13 429
429 430
13 431
431 432
432 433
432 434
434 435
432 436
436 437
432 438
438 439
432 440
440 441
431 442
442 443
442 444
444 445
442 446
446 447
442 448
448 449
442 450
450 451
442 452
452 453
13 454
454 455
13 456
456 457
13 458
458 459
13 460
460 461
13 462
462 463
13 464
464 465
13 466
466 467
13 468
468 469
468 470
468 471
468 472
468 473
468 474
468 475
468 476
468 477
468 478
478 479
468 480
468 481
13 482
482 483
483 484
482 485
485 486
13 487
487 488
488 489
489 490
488 491
491 492
13 493
493 494
493 495
493 496
493 497
493 498
493 499
493 500
493 501
501 502
13 503
503 504
504 505
504 506
506 507
506 508
504 509
509 510
510 511
510 512
503 513
513 514
513 515
515 516
515 517
513 518
518 519
519 520
519 521
503 522
522 523
503 524
524 525
503 526
503 527
503 528
528 529
13 530
13 531
531 532
532 533
531 534
13 535
535 536
536 537
537 538
536 539
13 540
540 541
541 542
540 543
13 544
544 545
545 546
546 547
545 548
13 549
13 550
13 551
551 552
552 553
551 554
13 555
555 556
13 557
557 558
558 559
557 560
560 561
557 562
13 563
563 564
564 565
565 566
564 567
567 568
564 569
13 570
570 571
571 572
570 573
573 574
570 575
13 576
576 577
577 578
578 579
577 580
580 581
577 582
13 583
583 584
584 585
583 586
586 587
583 588
13 589
589 590
590 591
591 592
590 593
593 594
590 595
13 596
596 597
597 598
596 599
13 600
600 601
601 602
602 603
601 604
13 605
13 606
606 607
607 608
606 609
13 610
610 611
611 612
612 613
611 614
13 615
615 616
616 617
615 618
13 619
619 620
620 621
621 622
620 623
1 624
624 625
625 626
625 627
627 628
624 629
629 630
624 631
631 632
632 633
633 634
631 635
635 636
636 637
631 638
638 639
639 640
631 641
641 642
642 643
631 644
644 645
645 646
631 647
647 648
648 649
631 650
650 651
651 652
631 653
653 654
654 655
631 656
656 657
657 658
624 659
624 660
660 661
661 662
660 663
663 664
624 665
665 666
666 667
665 668
668 669
669 670
670 671
671 672
672 673
671 674
674 675
670 676
665 677
624 678
678 679
679 680
680 681
678 682
682 683
683 684
678 685
685 686
686 687
678 688
688 689
689 690
678 691
691 692
692 693
678 694
694 695
695 696
678 697
697 698
698 699
678 700
700 701
701 702
678 703
703 704
704 705
678 706
706 707
707 708
678 709
709 710
710 711
678 712
712 713
713 714
678 715
715 716
716 717
678 718
718 719
719 720
678 721
721 722
722 723
678 724
724 725
725 726
678 727
727 728
728 729
678 730
730 731
731 732
678 733
733 734
734 735
678 736
736 737
737 738
678 739
739 740
740 741
678 742
742 743
743 744
624 745
745 746
745 747
747 748
745 749
749 750
745 751
751 752
745 753
745 754
754 755
745 756
624 757
757 758
758 759
757 760
757 761
757 762
624 763
763 764
763 765
765 766
763 767
767 768
624 769
769 770
770 771
771 772
769 773
773 774
774 775
624 776
776 777
777 778
776 779
779 780
776 781
781 782
624 783
783 784
783 785
624 786
786 787
786 788
788 789
624 790
790 791
791 792
792 793
790 794
790 795
624 796
796 797
797 798
796 799
624 800
800 801
800 802
800 803
624 804
804 805
804 806
804 807
804 808
808 809
624 810
810 811
810 812
812 813
810 814
814 815
624 816
816 817
816 818
818 819
816 820
820 821
624 822
822 823
822 824
824 825
822 826
826 827
624 828
828 829
828 830
830 831
828 832
832 833
624 834
834 835
834 836
834 837
834 838
838 839
834 840
624 841
841 842
841 843
841 844
841 845
845 846
841 847
624 848
848 849
848 850
848 851
848 852
852 853
848 854
848 855
855 856
848 857
857 858
624 859
859 860
859 861
859 862
859 863
863 864
859 865
859 866
866 867
859 868
868 869
624 870
870 871
870 872
870 873
873 874
870 875
624 876
876 877
876 878
878 879
876 880
876 881
624 882
882 883
882 884
882 885
885 886
882 887
624 888
888 889
888 890
890 891
888 892
888 893
888 894
894 895
624 896
896 897
896 898
896 899
896 900
896 901
901 902
624 903
903 904
903 905
903 906
903 907
903 908
908 909
624 910
910 911
910 912
624 913
913 914
913 915
915 916
913 917
917 918
624 919
919 920
919 921
921 922
919 923
923 924
919 925
624 926
926 927
926 928
624 929
929 930
624 931
931 932
931 933
1 934
934 935
1 936
936 937
1 938
938 939
1 940
940 941
1 942
942 943
943 944
942 945
945 946
946 947
942 948
948 949
949 950
948 951
951 952
942 953
953 954
954 955
953 956
956 957
953 958
942 959
959 960
959 961
961 962
959 963
963 964
942 965
965 966
966 967
967 968
965 969
969 970
970 971
965 972
972 973
973 974
965 975
975 976
976 977
965 978
978 979
979 980
965 981
981 982
982 983
965 984
984 985
985 986
965 987
987 988
988 989
965 990
990 991
991 992
965 993
993 994
994 995
965 996
996 997
997 998
965 999
999 1000
1000 1001
965 1002
1002 1003
1003 1004
965 1005
1005 1006
1006 1007
965 1008
1008 1009
1009 1010
965 1011
1011 1012
1012 1013
965 1014
1014 1015
1015 1016
965 1017
1017 1018
1018 1019
965 1020
1020 1021
1021 1022
965 1023
1023 1024
1024 1025
965 1026
1026 1027
1027 1028
965 1029
1029 1030
1030 1031
965 1032
1032 1033
1033 1034
965 1035
1035 1036
1036 1037
965 1038
1038 1039
1039 1040
965 1041
942 1042
1042 1043
1043 1044
1044 1045
1042 1046
1046 1047
1047 1048
1042 1049
1049 1050
1050 1051
1042 1052
1052 1053
1053 1054
1042 1055
1055 1056
1056 1057
1042 1058
1058 1059
1059 1060
1042 1061
1061 1062
1062 1063
942 1064
1064 1065
942 1066
1066 1067
1067 1068
1068 1069
1066 1070
1070 1071
1071 1072
1066 1073
1073 1074
1074 1075
1066 1076
1076 1077
1077 1078
1066 1079
1079 1080
1080 1081
1066 1082
1082 1083
1083 1084
1066 1085
1085 1086
1086 1087
1066 1088
1088 1089
1089 1090
1066 1091
1091 1092
1092 1093
1066 1094
1094 1095
1095 1096
1066 1097
1097 1098
1098 1099
1066 1100
1100 1101
1101 1102
1066 1103
1103 1104
1104 1105
1066 1106
1106 1107
1107 1108
1066 1109
1109 1110
1110 1111
1066 1112
1112 1113
1113 1114
1066 1115
1115 1116
1116 1117
1066 1118
1118 1119
1119 1120
1066 1121
1121 1122
1122 1123
1066 1124
1124 1125
1125 1126
1066 1127
1127 1128
1128 1129
1066 1130
1130 1131
1131 1132
1066 1133
1133 1134
1134 1135
1066 1136
1136 1137
1137 1138
1066 1139
1139 1140
1140 1141
1066 1142
1142 1143
1143 1144
942 1145
1145 1146
1146 1147
1147 1148
1147 1149
1146 1150
1150 1151
1150 1152
1146 1153
1153 1154
1153 1155
1145 1156
1156 1157
1157 1158
1158 1159
1158 1160
1157 1161
1161 1162
1161 1163
1157 1164
1164 1165
1164 1166
942 1167
1167 1168
942 1169
1169 1170
942 1171
1171 1172
1172 1173
1171 1174
1174 1175
1171 1176
1176 1177
1171 1178
1178 1179
1179 1180
1180 1181
1181 1182
1182 1183
1181 1184
1184 1185
1180 1186
1186 1187
1179 1188
1188 1189
942 1190
1190 1191
1191 1192
1190 1193
1193 1194
1190 1195
1195 1196
1190 1197
1197 1198
1190 1199
1199 1200
942 1201
1201 1202
1202 1203
1201 1204
1204 1205
942 1206
1206 1207
1207 1208
1206 1209
1209 1210
1206 1211
1211 1212
942 1213
1213 1214
1214 1215
1213 1216
942 1217
1217 1218
1218 1219
1217 1220
1220 1221
942 1222
1222 1223
1223 1224
1222 1225
1225 1226
1222 1227
1227 1228
942 1229
1229 1230
1230 1231
1229 1232
1232 1233
1229 1234
1234 1235
1229 1236
1236 1237
1229 1238
1238 1239
1238 1240
942 1241
1241 1242
1242 1243
1241 1244
1244 1245
1241 1246
1246 1247
1241 1248
1248 1249
1241 1250
1250 1251
1250 1252
942 1253
1253 1254
1253 1255
1253 1256
1256 1257
942 1258
1258 1259
1258 1260
1258 1261
1261 1262
942 1263
1263 1264
1263 1265
1263 1266
1266 1267
942 1268
1268 1269
1268 1270
1268 1271
1271 1272
942 1273
1273 1274
1273 1275
1275 1276
942 1277
1277 1278
1277 1279
1279 1280
942 1281
942 1282
1282 1283
1283 1284
1282 1285
942 1286
1286 1287
1287 1288
1286 1289
1289 1290
942 1291
1291 1292
1291 1293
942 1294
1294 1295
1294 1296
1294 1297
1297 1298
1294 1299
942 1300
1300 1301
1300 1302
1302 1303
1300 1304
1304 1305
1300 1306
1300 1307
942 1308
1308 1309
1308 1310
1308 1311
1311 1312
1308 1313
1308 1314
1308 1315
942 1316
1316 1317
1316 1318
1318 1319
1316 1320
1320 1321
942 1322
1322 1323
1322 1324
1324 1325
1322 1326
1326 1327
1322 1328
942 1329
1329 1330
1329 1331
1331 1332
942 1333
1333 1334
1333 1335
1335 1336
1333 1337
1333 1338
1338 1339
1333 1340
1340 1341
1333 1342
1342 1343
1333 1344
942 1345
1345 1346
1345 1347
1347 1348
1345 1349
942 1350
1350 1351
1350 1352
1350 1353
1350 1354
1354 1355
942 1356
1356 1357
1356 1358
1358 1359
1356 1360
1356 1361
1361 1362
1356 1363
1363 1364
1356 1365
942 1366
1366 1367
1366 1368
1368 1369
1366 1370
1366 1371
1371 1372
1366 1373
1373 1374
1366 1375
942 1376
1376 1377
1376 1378
1376 1379
1376 1380
1380 1381
942 1382
1382 1383
1382 1384
1382 1385
942 1386
1386 1387
1386 1388
1388 1389
1386 1390
1386 1391
942 1392
1392 1393
1392 1394
1394 1395
942 1396
1396 1397
1396 1398
942 1399
1399 1400
942 1401
1401 1402
1401 1403
1401 1404
942 1405
1405 1406
1405 1407
1407 1408
1405 1409
1409 1410
1405 1411
1411 1412
1405 1413
1413 1414
1405 1415
1415 1416
942 1417
1417 1418
1417 1419
1419 1420
1417 1421
1421 1422
1417 1423
1423 1424
1417 1425
1425 1426
1417 1427
1427 1428
942 1429
1429 1430
1429 1431
1431 1432
1429 1433
1433 1434
1429 1435
1435 1436
1429 1437
1437 1438
1429 1439
1439 1440
1429 1441
1441 1442
942 1443
1443 1444
1443 1445
1445 1446
1443 1447
1447 1448
1443 1449
1449 1450
1443 1451
1451 1452
1443 1453
1453 1454
1443 1455
1455 1456
1 1457
1457 1458
1458 1459
1458 1460
1457 1461
1461 1462
1461 1463
1463 1464
1457 1465
1465 1466
1465 1467
1467 1468
1465 1469
1469 1470
1457 1471
1471 1472
1471 1473
1473 1474
1457 1475
1475 1476
1475 1477
1457 1478
1478 1479
1479 1480
1457 1481
1481 1482
1481 1483
1481 1484
1457 1485
1485 1486
1485 1487
1485 1488
1485 1489
1489 1490
1457 1491
1491 1492
1491 1493
1493 1494
1457 1495
1495 1496
1496 1497
1495 1498
1495 1499
1499 1500
1457 1501
1501 1502
1501 1503
1501 1504
1501 1505
1501 1506
1506 1507
1457 1508
1508 1509
1508 1510
1508 1511
1508 1512
1512 1513
1457 1514
1514 1515
1514 1516
1514 1517
1457 1518
1518 1519
1518 1520
1518 1521
1 1522
1522 1523
1523 1524
1522 1525
1525 1526
1525 1527
1525 1528
1522 1529
1529 1530
1529 1531
1529 1532
1522 1533
1533 1534
1533 1535
1533 1536
1522 1537
1537 1538
1537 1539
1537 1540
1537 1541
1537 1542
1522 1543
1543 1544
1543 1545
1543 1546
1546 1547
1543 1548
1522 1549
1549 1550
1549 1551
1549 1552
1552 1553
1549 1554
1522 1555
1555 1556
1522 1557
1557 1558
1557 1559
1557 1560
1557 1561
1561 1562
1522 1563
1563 1564
1563 1565
1563 1566
1563 1567
1567 1568
1522 1569
1569 1570
1569 1571
1569 1572
1569 1573
1573 1574
1569 1575
1575 1576
1522 1577
1577 1578
1577 1579
1577 1580
1577 1581
1581 1582
1577 1583
1583 1584
1522 1585
1585 1586
1585 1587
1585 1588
1585 1589
1589 1590
1585 1591
1591 1592
1522 1593
1593 1594
1593 1595
1593 1596
1593 1597
1597 1598
1593 1599
1599 1600
1522 1601
1601 1602
1602 1603
1522 1604
1604 1605
1605 1606
1604 1607
1522 1608
1608 1609
1522 1610
1610 1611
1522 1612
1612 1613
1612 1614
1614 1615
1612 1616
1616 1617
1522 1618
1618 1619
1619 1620
1522 1621
1522 1622
1622 1623
1622 1624
1622 1625
1625 1626
1622 1627
1627 1628
1522 1629
1629 1630
1629 1631
1631 1632
1629 1633
1633 1634
1522 1635
1635 1636
1635 1637
1635 1638
1638 1639
1635 1640
1640 1641
1522 1642
1642 1643
1642 1644
1642 1645
1642 1646
1646 1647
1642 1648
1648 1649
1642 1650
1522 1651
1651 1652
1651 1653
1522 1654
1654 1655
1522 1656
1656 1657
1656 1658
1658 1659
1522 1660
1522 1661
1661 1662
1661 1663
1661 1664
1522 1665
1665 1666
1522 1667
1667 1668
1667 1669
1522 1670
1670 1671
1670 1672
1670 1673
1522 1674
1522 1675
1522 1676
1676 1677
1676 1678
1676 1679
1676 1680
1522 1681
1681 1682
1681 1683
1681 1684
1681 1685
1522 1686
1686 1687
1686 1688
1686 1689
1522 1690
1690 1691
1690 1692
1690 1693
1522 1694
1694 1695
1694 1696
1694 1697
1522 1698
1698 1699
1698 1700
1698 1701
1522 1702
1702 1703
1702 1704
1702 1705
1522 1706
1706 1707
1706 1708
1706 1709
1706 1710
1522 1711
1711 1712
1522 1713
1713 1714
1522 1715
1715 1716
1715 1717
1715 1718
1715 1719
1715 1720
1715 1721
1715 1722
1715 1723
1715 1724
1715 1725
1715 1726
1715 1727
1715 1728
1715 1729
1715 1730
1715 1731
1715 1732
1715 1733
1715 1734
1715 1735
1715 1736
1522 1737
1737 1738
1737 1739
1737 1740
1737 1741
1737 1742
1737 1743
1737 1744
1737 1745
1737 1746
1737 1747
1737 1748
1737 1749
1737 1750
1737 1751
1737 1752
1737 1753
1737 1754
1737 1755
1737 1756
1737 1757
1737 1758
1737 1759
1737 1760
1737 1761
1737 1762
1737 1763
1737 1764
1737 1765
1737 1766
1737 1767
1737 1768
1737 1769
1737 1770
1737 1771
1737 1772
1737 1773
1737 1774
1737 1775
1737 1776
1737 1777
1737 1778
1737 1779
1737 1780
1737 1781
1737 1782
1737 1783
1737 1784
1737 1785
1737 1786
1737 1787
1737 1788
1737 1789
1737 1790
1737 1791
1737 1792
1737 1793
1737 1794
1737 1795
1737 1796
1737 1797
1737 1798
1737 1799
1799 1800
1800 1801
1737 1802
1737 1803
1737 1804
1737 1805
1737 1806
1737 1807
1737 1808
1737 1809
1737 1810
1737 1811
1737 1812
1737 1813
1737 1814
1737 1815
1737 1816
1737 1817
1737 1818
1737 1819
1737 1820
1737 1821
1737 1822
1737 1823
1737 1824
1737 1825
1737 1826
1737 1827
1737 1828
1737 1829
1737 1830
1737 1831
1737 1832
1737 1833
1737 1834
1737 1835
1737 1836
1737 1837
1737 1838
1737 1839
1737 1840
1737 1841
1737 1842
1737 1843
1737 1844
1737 1845
1737 1846
1737 1847
1737 1848
1737 1849
1737 1850
1737 1851
1737 1852
1737 1853
1737 1854
1737 1855
1737 1856
1737 1857
1737 1858
1737 1859
1737 1860
1737 1861
1737 1862
1737 1863
1737 1864
1737 1865
1737 1866
1737 1867
1737 1868
1737 1869
1737 1870
1737 1871
1737 1872
1737 1873
1737 1874
1737 1875
1737 1876
1737 1877
1737 1878
1737 1879
1737 1880
1737 1881
1737 1882
1737 1883
1737 1884
1737 1885
1737 1886
1737 1887
1737 1888
1737 1889
1737 1890
1737 1891
1737 1892
1737 1893
1737 1894
1737 1895
1737 1896
1737 1897
1737 1898
1737 1899
1737 1900
1737 1901
1737 1902
1737 1903
1737 1904
1737 1905
1737 1906
1737 1907
1737 1908
1737 1909
1737 1910
1737 1911
1737 1912
1737 1913
1737 1914
1737 1915
1737 1916
1737 1917
1737 1918
1737 1919
1737 1920
1737 1921
1737 1922
1737 1923
1737 1924
1737 1925
1737 1926
1737 1927
1737 1928
1737 1929
1737 1930
1737 1931
1737 1932
1737 1933
1737 1934
1737 1935
1737 1936
1737 1937
1737 1938
1737 1939
1737 1940
1737 1941
1941 1942
1942 1943
1943 1944
1943 1945
1737 1946
1737 1947
1737 1948
1737 1949
1737 1950
1737 1951
1737 1952
1737 1953
1737 1954
1737 1955
1737 1956
1737 1957
1737 1958
1522 1959
1959 1960
1959 1961
1959 1962
1959 1963
1959 1964
1959 1965
1959 1966
1966 1967
1967 1968
1959 1969
1959 1970
1959 1971
1959 1972
1959 1973
1959 1974
1959 1975
1959 1976
1976 1977
1977 1978
1959 1979
1959 1980
1959 1981
1959 1982
1959 1983
1959 1984
1959 1985
1959 1986
1959 1987
1959 1988
1959 1989
1959 1990
1959 1991
1959 1992
1959 1993
1959 1994
1959 1995
1959 1996
1959 1997
1959 1998
1959 1999
1959 2000
1959 2001
1959 2002
1959 2003
1959 2004
1959 2005
1959 2006
1959 2007
1959 2008
1959 2009
1959 2010
1959 2011
1959 2012
1959 2013
1959 2014
1959 2015
1959 2016
1959 2017
1959 2018
1959 2019
1959 2020
1959 2021
1959 2022
1959 2023
1959 2024
1959 2025
1959 2026
1959 2027
1522 2028
2028 2029
2028 2030
2028 2031
1522 2032
2032 2033
2032 2034
1522 2035
2035 2036
1522 2037
2037 2038
2037 2039
2037 2040
2037 2041
2041 2042
1522 2043
2043 2044
1522 2045
2045 2046
1522 2047
2047 2048
1522 2049
2049 2050
2049 2051
2051 2052
1522 2053
2053 2054
2053 2055
2055 2056
1522 2057
2057 2058
2058 2059
2057 2060
2060 2061
1522 2062
1522 2063
2063 2064
1522 2065
2065 2066
2065 2067
2067 2068
1522 2069
2069 2070
1522 2071
2071 2072
1522 2073
2073 2074
1522 2075
2075 2076
1522 2077
2077 2078
2077 2079
2079 2080
1522 2081
2081 2082
2082 2083
1522 2084
2084 2085
2085 2086
1522 2087
2087 2088
2088 2089
2087 2090
2090 2091
1522 2092
2092 2093
2093 2094
1522 2095
2095 2096
2096 2097
1522 2098
2098 2099
2099 2100
2098 2101
2101 2102
1522 2103
2103 2104
2104 2105
1522 2106
2106 2107
2107 2108
2106 2109
2109 2110
2106 2111
2111 2112
1522 2113
2113 2114
2114 2115
2113 2116
2116 2117
2113 2118
2118 2119
1522 2120
2120 2121
2121 2122
2120 2123
2123 2124
2120 2125
2125 2126
1522 2127
2127 2128
2128 2129
2127 2130
2130 2131
2127 2132
2132 2133
1522 2134
2134 2135
1522 2136
2136 2137
1522 2138
2138 2139
1522 2140
2140 2141
2140 2142
2140 2143
2140 2144
2144 2145
1522 2146
2146 2147
1522 2148
1522 2149
2149 2150
2149 2151
2149 2152
1522 2153
2153 2154
2153 2155
2153 2156
2153 2157
2153 2158
2153 2159
1522 2160
2160 2161
2160 2162
2160 2163
1522 2164
2164 2165
2164 2166
2164 2167
2164 2168
2164 2169
2169 2170
1522 2171
2171 2172
2171 2173
2171 2174
2171 2175
1522 2176
2176 2177
2176 2178
2176 2179
2176 2180
2176 2181
2176 2182
2182 2183
1522 2184
2184 2185
2184 2186
1522 2187
2187 2188
2187 2189
2187 2190
2187 2191
1522 2192
2192 2193
2192 2194
1522 2195
2195 2196
2195 2197
1522 2198
2198 2199
2198 2200
2200 2201
1522 2202
1522 2203
2203 2204
2203 2205
2203 2206
2206 2207
1522 2208
2208 2209
2208 2210
1522 2211
2211 2212
2211 2213
2211 2214
2211 2215
2211 2216
2216 2217
2216 2218
2216 2219
2216 2220
1522 2221
1522 2222
2222 2223
2222 2224
2222 2225
2225 2226
1522 2227
2227 2228
2227 2229
2227 2230
2230 2231
1522 2232
2232 2233
1522 2234
2234 2235
2234 2236
2234 2237
2237 2238
1522 2239
2239 2240
2239 2241
2239 2242
2242 2243
1522 2244
1522 2245
2245 2246
2245 2247
1522 2248
2248 2249
2248 2250
2248 2251
2251 2252
2248 2253
2253 2254
2248 2255
1522 2256
2256 2257
1522 2258
1522 2259
1522 2260
1522 2261
2261 2262
2261 2263
1522 2264
2264 2265
2264 2266
1522 2267
2267 2268
2267 2269
1522 2270
2270 2271
1522 2272
2272 2273
1522 2274
1522 2275
1522 2276
2276 2277
1522 2278
1522 2279
2279 2280
2279 2281
2279 2282
2282 2283
1522 2284
2284 2285
2284 2286
2284 2287
2287 2288
1522 2289
2289 2290
2289 2291
2291 2292
1522 2293
2293 2294
2293 2295
2295 2296
1522 2297
2297 2298
1522 2299
2299 2300
2300 2301
1522 2302
2302 2303
1522 2304
2304 2305
2304 2306
2304 2307
2307 2308
1522 2309
2309 2310
2309 2311
2309 2312
2312 2313
1522 2314
2314 2315
2314 2316
2314 2317
2317 2318
2314 2319
2314 2320
2320 2321
2314 2322
2322 2323
2314 2324
1522 2325
2325 2326
1522 2327
2327 2328
2327 2329
2327 2330
1522 2331
2331 2332
2331 2333
2331 2334
2331 2335
2335 2336
1522 2337
2337 2338
2337 2339
2339 2340
1 2341
2341 2342
2342 2343
2343 2344
2344 2345
2343 2346
2346 2347
2346 2348
2348 2349
2343 2350
2350 2351
2351 2352
2350 2353
2353 2354
2354 2355
2354 2356
2350 2357
2357 2358
2358 2359
2359 2360
2350 2361
2361 2362
2362 2363
2363 2364
2350 2365
2365 2366
2366 2367
2367 2368
2368 2369
2369 2370
2370 2371
2369 2372
2372 2373
2373 2374
2368 2375
2375 2376
2350 2377
2377 2378
2378 2379
2379 2380
2379 2381
2381 2382
2382 2383
2381 2384
2381 2385
2385 2386
2381 2387
2387 2388
2378 2389
2389 2390
2390 2391
2391 2392
2390 2393
2393 2394
2389 2395
2395 2396
2378 2397
2397 2398
2398 2399
2397 2400
2400 2401
2378 2402
2402 2403
2403 2404
2404 2405
2402 2406
2406 2407
2407 2408
2407 2409
2409 2410
2378 2411
2411 2412
2412 2413
2411 2414
2414 2415
2415 2416
2414 2417
2417 2418
2378 2419
2419 2420
2420 2421
2421 2422
2422 2423
2421 2424
2424 2425
2421 2426
2426 2427
2427 2428
2427 2429
2429 2430
2421 2431
2431 2432
2432 2433
2433 2434
2420 2435
2435 2436
2419 2437
2437 2438
2378 2439
2439 2440
2440 2441
2441 2442
2442 2443
2441 2444
2444 2445
2441 2446
2440 2447
2447 2448
2439 2449
2449 2450
2378 2451
2451 2452
2451 2453
2453 2454
2454 2455
2453 2456
2456 2457
2453 2458
2458 2459
2453 2460
2460 2461
2378 2462
2462 2463
2463 2464
2464 2465
2463 2466
2466 2467
2462 2468
2468 2469
2378 2470
2470 2471
2470 2472
2472 2473
2473 2474
2474 2475
2473 2476
2476 2477
2473 2478
2478 2479
2479 2480
2473 2481
2481 2482
2482 2483
2483 2484
2484 2485
2485 2486
2484 2487
2487 2488
2488 2489
2483 2490
2490 2491
2481 2492
2492 2493
2473 2494
2378 2495
2495 2496
2496 2497
2497 2498
2498 2499
2497 2500
2500 2501
2496 2502
2502 2503
2503 2504
2502 2505
2495 2506
2506 2507
2378 2508
2508 2509
2509 2510
2510 2511
2509 2512
2512 2513
2508 2514
2377 2515
2515 2516
2350 2517
2517 2518
2518 2519
2519 2520
2518 2521
2521 2522
2517 2523
2523 2524
2524 2525
2525 2526
2524 2527
2527 2528
2350 2529
2529 2530
2530 2531
2531 2532
2530 2533
2533 2534
2529 2535
2535 2536
2536 2537
2537 2538
2536 2539
2539 2540
2343 2541
2541 2542
2542 2543
2542 2544
2544 2545
2545 2546
2546 2547
2547 2548
2548 2549
2343 2550
2550 2551
2551 2552
2550 2553
2553 2554
