1 2
2 3
1 4
4 5
5 6
6 7
5 8
8 9
8 10
10 11
5 12
12 13
12 14
14 15
15 16
14 17
17 18
5 19
19 20
20 21
19 22
22 23
23 24
24 25
25 26
26 27
25 28
28 29
29 30
28 31
19 32
32 33
33 34
33 35
32 36
36 37
37 38
36 39
32 40
40 41
32 42
42 43
43 44
44 45
45 46
44 47
47 48
43 49
19 50
50 51
51 52
52 53
51 54
50 55
55 56
56 57
57 58
58 59
57 60
60 61
56 62
55 63
63 64
64 65
64 66
63 67
67 68
68 69
67 70
63 71
71 72
63 73
73 74
74 75
75 76
74 77
77 78
78 79
79 80
78 81
81 82
50 83
83 84
84 85
85 86
84 87
87 88
19 89
89 90
90 91
89 92
92 93
