1 2
2 3
3 4
4 5
3 6
6 7
6 8
8 9
9 10
9 11
11 12
12 13
11 14
14 15
8 16
8 17
17 18
18 19
18 20
20 21
21 22
22 23
21 24
24 25
25 26
24 27
8 28
28 29
28 30
30 31
31 32
32 33
31 34
34 35
8 36
3 37
37 38
38 39
39 40
39 41
41 42
37 43
43 44
44 45
43 46
46 47
47 48
48 49
47 50
37 51
51 52
52 53
51 54
54 55
1 56
56 57
57 58
58 59
57 60
60 61
60 62
62 63
63 64
63 65
65 66
65 67
67 68
68 69
69 70
68 71
71 72
72 73
71 74
62 75
75 76
75 77
77 78
78 79
79 80
78 81
81 82
62 83
62 84
84 85
85 86
86 87
85 88
88 89
62 90
57 91
91 92
92 93
93 94
93 95
95 96
91 97
97 98
98 99
97 100
100 101
101 102
102 103
101 104
91 105
105 106
106 107
105 108
108 109
1 110
110 111
111 112
112 113
113 114
111 115
115 116
116 117
