1 2
2 3
1 4
4 5
5 6
6 7
5 8
8 9
9 10
10 11
9 12
8 13
13 14
14 15
15 16
14 17
17 18
8 19
19 20
20 21
20 22
22 23
23 24
24 25
23 26
26 27
27 28
26 29
19 30
30 31
30 32
32 33
33 34
34 35
33 36
36 37
5 38
38 39
39 40
40 41
40 42
42 43
38 44
44 45
45 46
44 47
47 48
48 49
49 50
48 51
38 52
52 53
53 54
52 55
55 56
1 57
57 58
58 59
59 60
58 61
61 62
62 63
63 64
62 65
61 66
66 67
67 68
67 69
69 70
70 71
71 72
70 73
73 74
74 75
73 76
66 77
77 78
77 79
79 80
80 81
81 82
80 83
83 84
58 85
85 86
86 87
87 88
87 89
89 90
85 91
91 92
92 93
91 94
94 95
95 96
96 97
95 98
85 99
99 100
100 101
99 102
102 103
1 104
104 105
105 106
106 107
107 108
105 109
109 110
110 111
