1 2
2 3
1 4
4 5
1 6
6 7
7 8
8 9
7 10
10 11
11 12
10 13
13 14
14 15
15 16
14 17
17 18
10 19
19 20
20 21
20 22
22 23
23 24
24 25
23 26
26 27
27 28
26 29
19 30
30 31
30 32
32 33
33 34
34 35
33 36
36 37
7 38
38 39
39 40
40 41
40 42
42 43
38 44
44 45
45 46
44 47
47 48
48 49
49 50
48 51
38 52
52 53
53 54
52 55
55 56
1 57
57 58
58 59
59 60
58 61
61 62
62 63
61 64
64 65
65 66
65 67
67 68
68 69
69 70
68 71
71 72
72 73
71 74
64 75
75 76
75 77
77 78
78 79
79 80
78 81
81 82
58 83
83 84
84 85
85 86
85 87
87 88
83 89
89 90
90 91
89 92
92 93
93 94
94 95
93 96
83 97
97 98
98 99
97 100
100 101
1 102
102 103
103 104
104 105
105 106
103 107
107 108
108 109
