1 2
2 3
3 4
4 5
3 6
6 7
7 8
8 9
6 10
10 11
11 12
12 13
11 14
14 15
6 16
16 17
17 18
17 19
19 20
20 21
21 22
20 23
23 24
24 25
23 26
16 27
27 28
27 29
29 30
30 31
31 32
30 33
33 34
3 35
35 36
36 37
37 38
37 39
39 40
35 41
41 42
42 43
41 44
44 45
45 46
46 47
45 48
35 49
49 50
50 51
49 52
52 53
1 54
54 55
55 56
56 57
55 58
58 59
59 60
60 61
58 62
62 63
63 64
63 65
65 66
66 67
67 68
66 69
69 70
70 71
69 72
62 73
73 74
73 75
75 76
76 77
77 78
76 79
79 80
55 81
81 82
82 83
83 84
83 85
85 86
81 87
87 88
88 89
87 90
90 91
91 92
92 93
91 94
81 95
95 96
96 97
95 98
98 99
1 100
100 101
101 102
102 103
103 104
101 105
105 106
106 107
