1 2
2 3
3 4
4 5
3 6
6 7
6 8
8 9
9 10
10 11
9 12
12 13
6 14
14 15
15 16
15 17
17 18
18 19
19 20
18 21
21 22
22 23
21 24
14 25
25 26
25 27
27 28
28 29
29 30
28 31
31 32
3 33
33 34
34 35
35 36
35 37
37 38
33 39
39 40
40 41
39 42
42 43
43 44
44 45
43 46
33 47
47 48
48 49
47 50
50 51
1 52
52 53
53 54
54 55
53 56
56 57
56 58
58 59
59 60
59 61
61 62
62 63
63 64
62 65
65 66
66 67
65 68
58 69
69 70
69 71
71 72
72 73
73 74
72 75
75 76
53 77
77 78
78 79
79 80
79 81
81 82
77 83
83 84
84 85
83 86
86 87
87 88
88 89
87 90
77 91
91 92
92 93
91 94
94 95
1 96
96 97
97 98
98 99
99 100
97 101
101 102
102 103
