1 2
2 3
3 4
4 5
1 6
6 7
7 8
8 9
1 10
10 11
11 12
12 13
11 14
14 15
15 16
16 17
14 18
18 19
19 20
20 21
19 22
22 23
14 24
24 25
25 26
25 27
27 28
28 29
29 30
28 31
31 32
32 33
31 34
24 35
35 36
35 37
37 38
38 39
39 40
38 41
41 42
11 43
43 44
44 45
45 46
45 47
47 48
43 49
49 50
50 51
49 52
52 53
53 54
54 55
53 56
43 57
57 58
58 59
57 60
60 61
1 62
62 63
63 64
64 65
63 66
66 67
67 68
68 69
66 70
70 71
71 72
71 73
73 74
74 75
75 76
74 77
77 78
78 79
77 80
70 81
81 82
81 83
83 84
84 85
85 86
84 87
87 88
63 89
89 90
90 91
91 92
91 93
93 94
89 95
95 96
96 97
95 98
98 99
99 100
100 101
99 102
89 103
103 104
104 105
103 106
106 107
1 108
108 109
109 110
110 111
111 112
109 113
113 114
114 115
