1 2
2 3
1 4
4 5
1 6
6 7
6 8
8 9
9 10
10 11
9 12
12 13
13 14
14 15
13 16
16 17
9 18
18 19
19 20
19 21
21 22
22 23
23 24
22 25
25 26
26 27
25 28
18 29
29 30
29 31
31 32
32 33
33 34
32 35
35 36
8 37
37 38
38 39
1 40
40 41
41 42
42 43
41 44
44 45
44 46
41 47
47 48
47 49
49 50
50 51
49 52
52 53
41 54
54 55
55 56
56 57
56 58
58 59
54 60
60 61
61 62
60 63
63 64
64 65
65 66
64 67
54 68
68 69
69 70
68 71
71 72
1 73
73 74
73 75
75 76
76 77
77 78
76 79
79 80
80 81
80 82
82 83
83 84
84 85
83 86
86 87
87 88
86 89
79 90
90 91
90 92
92 93
93 94
94 95
93 96
96 97
75 98
98 99
99 100
1 101
101 102
102 103
103 104
102 105
105 106
105 107
102 108
108 109
108 110
110 111
111 112
110 113
113 114
102 115
115 116
116 117
117 118
117 119
119 120
115 121
121 122
122 123
121 124
124 125
125 126
126 127
125 128
115 129
129 130
130 131
129 132
132 133
1 134
134 135
135 136
136 137
137 138
135 139
139 140
140 141
