1 2
2 3
3 4
4 5
1 6
6 7
7 8
8 9
1 10
10 11
11 12
12 13
11 14
14 15
15 16
16 17
14 18
18 19
19 20
20 21
19 22
22 23
14 24
24 25
25 26
25 27
27 28
28 29
29 30
28 31
31 32
32 33
31 34
24 35
35 36
35 37
37 38
38 39
39 40
38 41
41 42
11 43
43 44
44 45
45 46
45 47
47 48
43 49
49 50
50 51
49 52
52 53
53 54
49 55
55 56
56 57
49 58
58 59
59 60
58 61
43 62
62 63
63 64
62 65
65 66
66 67
67 68
66 69
43 70
70 71
71 72
70 73
73 74
1 75
75 76
76 77
77 78
76 79
79 80
80 81
81 82
79 83
83 84
84 85
84 86
86 87
87 88
88 89
87 90
90 91
91 92
90 93
83 94
94 95
94 96
96 97
97 98
98 99
97 100
100 101
76 102
102 103
103 104
104 105
104 106
106 107
102 108
108 109
109 110
108 111
111 112
112 113
108 114
114 115
115 116
108 117
117 118
118 119
117 120
102 121
121 122
122 123
121 124
124 125
125 126
126 127
125 128
102 129
129 130
130 131
129 132
132 133
1 134
134 135
135 136
136 137
137 138
135 139
139 140
140 141
