1 2
2 3
1 4
4 5
1 6
6 7
1 8
8 9
9 10
10 11
9 12
12 13
12 14
9 15
15 16
15 17
17 18
18 19
17 20
20 21
9 22
22 23
23 24
24 25
24 26
26 27
22 28
28 29
29 30
28 31
31 32
32 33
28 34
34 35
35 36
28 37
37 38
38 39
37 40
22 41
41 42
42 43
41 44
44 45
45 46
46 47
45 48
22 49
49 50
50 51
49 52
52 53
1 54
54 55
1 56
56 57
57 58
58 59
57 60
60 61
60 62
57 63
63 64
63 65
65 66
66 67
65 68
68 69
57 70
70 71
71 72
72 73
72 74
74 75
70 76
76 77
77 78
76 79
79 80
80 81
76 82
82 83
83 84
76 85
85 86
86 87
85 88
70 89
89 90
90 91
89 92
92 93
93 94
94 95
93 96
70 97
97 98
98 99
97 100
100 101
1 102
102 103
103 104
104 105
105 106
103 107
107 108
108 109
