1 2
1 3
1 4
1 5
1 6
1 7
7 8
7 9
9 10
9 11
11 12
7 13
13 14
14 15
14 16
16 17
1 18
18 19
19 20
19 21
21 22
21 23
23 24
19 25
25 26
26 27
26 28
28 29
1 30
30 31
1 32
1 33
33 34
1 35
1 36
36 37
1 38
38 39
38 40
40 41
40 42
38 43
38 44
38 45
38 46
46 47
1 48
48 49
1 50
50 51
1 52
1 53
53 54
53 55
1 56
56 57
56 58
1 59
59 60
59 61
1 62
62 63
62 64
1 65
65 66
65 67
65 68
65 69
65 70
1 71
71 72
71 73
71 74
71 75
71 76
71 77
1 78
78 79
78 80
78 81
1 82
82 83
82 84
82 85
82 86
1 87
87 88
87 89
87 90
87 91
91 92
1 93
93 94
93 95
93 96
93 97
93 98
98 99
1 100
100 101
100 102
100 103
1 104
104 105
1 106
106 107
106 108
106 109
106 110
110 111
1 112
112 113
1 114
114 115
114 116
1 117
117 118
117 119
1 120
120 121
120 122
1 123
123 124
123 125
1 126
126 127
126 128
1 129
129 130
129 131
1 132
132 133
132 134
1 135
135 136
1 137
137 138
137 139
1 140
140 141
140 142
1 143
143 144
143 145
1 146
146 147
146 148
146 149
146 150
146 151
1 152
152 153
1 154
154 155
1 156
156 157
1 158
158 159
158 160
158 161
1 162
162 163
162 164
164 165
1 166
166 167
166 168
166 169
169 170
1 171
171 172
1 173
173 174
1 175
175 176
1 177
177 178
1 179
179 180
1 181
181 182
1 183
183 184
1 185
185 186
1 187
187 188
187 189
187 190
1 191
191 192
191 193
191 194
1 195
195 196
195 197
195 198
1 199
199 200
199 201
199 202
199 203
1 204
204 205
204 206
204 207
204 208
1 209
209 210
209 211
209 212
209 213
1 214
214 215
214 216
214 217
214 218
1 219
219 220
1 221
221 222
1 223
223 224
223 225
223 226
223 227
1 228
228 229
228 230
230 231
228 232
1 233
233 234
234 235
233 236
1 237
237 238
1 239
239 240
239 241
239 242
239 243
1 244
244 245
245 246
244 247
244 248
1 249
249 250
249 251
1 252
252 253
252 254
252 255
252 256
252 257
1 258
258 259
259 260
258 261
1 262
262 263
1 264
264 265
264 266
264 267
1 268
268 269
268 270
270 271
268 272
1 273
273 274
273 275
1 276
276 277
276 278
276 279
276 280
1 281
281 282
282 283
281 284
281 285
1 286
286 287
286 288
1 289
289 290
289 291
289 292
289 293
1 294
294 295
294 296
296 297
294 298
294 299
1 300
300 301
300 302
300 303
1 304
304 305
304 306
304 307
304 308
304 309
1 310
310 311
310 312
312 313
1 314
314 315
314 316
316 317
1 318
318 319
1 320
320 321
320 322
320 323
323 324
1 325
325 326
325 327
325 328
328 329
1 330
330 331
330 332
1 333
1 334
334 335
334 336
336 337
1 338
338 339
338 340
340 341
338 342
342 343
1 344
344 345
1 346
346 347
347 348
348 349
347 350
350 351
351 352
352 353
350 354
354 355
355 356
356 357
356 358
358 359
359 360
360 361
359 362
362 363
347 364
364 365
365 366
366 367
364 368
368 369
369 370
370 371
369 372
372 373
364 374
374 375
375 376
376 377
375 378
378 379
378 380
380 381
381 382
382 383
381 384
384 385
375 386
386 387
387 388
386 389
389 390
1 391
391 392
392 393
393 394
392 395
395 396
396 397
397 398
395 399
399 400
400 401
401 402
401 403
403 404
404 405
405 406
404 407
407 408
392 409
409 410
410 411
411 412
409 413
413 414
414 415
415 416
414 417
417 418
417 419
419 420
420 421
421 422
420 423
423 424
414 425
425 426
426 427
425 428
428 429
1 430
430 431
431 432
432 433
431 434
434 435
435 436
436 437
434 438
438 439
439 440
440 441
439 442
442 443
434 444
444 445
445 446
446 447
447 448
448 449
449 450
450 451
449 452
452 453
453 454
452 455
445 456
456 457
456 458
458 459
459 460
460 461
459 462
462 463
445 464
464 465
465 466
464 467
467 468
468 469
464 470
464 471
471 472
472 473
472 474
445 475
475 476
476 477
477 478
476 479
479 480
479 481
475 482
482 483
445 484
484 485
484 486
486 487
487 488
431 489
489 490
490 491
491 492
489 493
493 494
494 495
495 496
494 497
497 498
497 499
499 500
500 501
501 502
500 503
503 504
494 505
505 506
506 507
507 508
506 509
509 510
510 511
506 512
512 513
513 514
494 515
515 516
516 517
515 518
518 519
519 520
494 521
521 522
522 523
521 524
524 525
1 526
526 527
527 528
528 529
527 530
530 531
531 532
532 533
530 534
534 535
535 536
536 537
537 538
538 539
539 540
540 541
539 542
542 543
543 544
542 545
535 546
546 547
546 548
548 549
549 550
550 551
549 552
552 553
535 554
554 555
555 556
554 557
557 558
558 559
554 560
554 561
561 562
562 563
562 564
535 565
565 566
566 567
567 568
566 569
569 570
569 571
565 572
572 573
535 574
574 575
574 576
576 577
577 578
527 579
579 580
580 581
581 582
579 583
583 584
584 585
585 586
584 587
587 588
587 589
589 590
590 591
591 592
590 593
593 594
584 595
595 596
596 597
597 598
596 599
599 600
600 601
596 602
602 603
603 604
584 605
605 606
606 607
605 608
608 609
609 610
584 611
611 612
612 613
611 614
614 615
1 616
616 617
617 618
618 619
619 620
617 621
621 622
622 623
617 624
624 625
625 626
617 627
627 628
628 629
