1 2
2 3
3 4
4 5
1 6
6 7
7 8
8 9
1 10
10 11
11 12
12 13
11 14
14 15
14 16
16 17
11 18
18 19
19 20
20 21
18 22
11 23
23 24
24 25
25 26
23 27
27 28
28 29
29 30
28 31
31 32
23 33
33 34
34 35
35 36
34 37
37 38
38 39
39 40
40 41
41 42
40 43
43 44
44 45
43 46
34 47
47 48
47 49
49 50
50 51
51 52
50 53
53 54
34 55
55 56
56 57
56 58
55 59
59 60
60 61
59 62
55 63
63 64
55 65
65 66
66 67
67 68
68 69
67 70
70 71
66 72
34 73
73 74
74 75
75 76
76 77
75 78
74 79
79 80
80 81
79 82
82 83
73 84
84 85
85 86
86 87
87 88
86 89
89 90
85 91
84 92
92 93
93 94
93 95
92 96
96 97
97 98
96 99
92 100
100 101
92 102
102 103
103 104
104 105
103 106
106 107
107 108
108 109
107 110
110 111
73 112
112 113
113 114
114 115
113 116
116 117
34 118
118 119
119 120
118 121
121 122
1 123
123 124
124 125
125 126
124 127
127 128
127 129
129 130
124 131
131 132
132 133
133 134
131 135
124 136
136 137
137 138
138 139
136 140
140 141
141 142
142 143
141 144
144 145
145 146
146 147
147 148
148 149
147 150
150 151
151 152
150 153
141 154
154 155
154 156
156 157
157 158
158 159
157 160
160 161
141 162
162 163
163 164
163 165
162 166
166 167
167 168
166 169
162 170
170 171
162 172
172 173
173 174
174 175
175 176
174 177
177 178
173 179
141 180
180 181
181 182
182 183
183 184
182 185
181 186
186 187
187 188
186 189
189 190
180 191
191 192
192 193
193 194
194 195
193 196
196 197
192 198
191 199
199 200
200 201
200 202
199 203
203 204
204 205
203 206
199 207
207 208
199 209
209 210
210 211
211 212
210 213
213 214
214 215
215 216
214 217
217 218
180 219
219 220
220 221
221 222
220 223
223 224
141 225
225 226
226 227
225 228
228 229
1 230
230 231
231 232
232 233
231 234
234 235
234 236
236 237
231 238
238 239
239 240
240 241
238 242
242 243
243 244
244 245
243 246
246 247
238 248
248 249
249 250
249 251
231 252
252 253
253 254
254 255
252 256
256 257
257 258
258 259
257 260
260 261
261 262
262 263
263 264
264 265
263 266
266 267
267 268
266 269
257 270
270 271
270 272
272 273
273 274
274 275
273 276
276 277
257 278
278 279
279 280
279 281
278 282
282 283
283 284
282 285
278 286
286 287
278 288
288 289
289 290
290 291
291 292
290 293
293 294
289 295
257 296
296 297
297 298
298 299
297 300
296 301
301 302
302 303
303 304
304 305
303 306
306 307
302 308
301 309
309 310
310 311
310 312
309 313
313 314
314 315
313 316
309 317
317 318
309 319
319 320
320 321
321 322
320 323
323 324
324 325
325 326
324 327
327 328
296 329
329 330
330 331
331 332
330 333
333 334
257 335
335 336
336 337
335 338
338 339
1 340
340 341
341 342
342 343
341 344
344 345
344 346
346 347
341 348
348 349
349 350
350 351
348 352
352 353
353 354
353 355
341 356
356 357
357 358
358 359
356 360
360 361
361 362
362 363
361 364
364 365
365 366
366 367
367 368
368 369
367 370
370 371
371 372
370 373
361 374
374 375
374 376
376 377
377 378
378 379
377 380
380 381
361 382
382 383
383 384
383 385
382 386
386 387
387 388
386 389
382 390
390 391
382 392
392 393
393 394
394 395
395 396
394 397
397 398
393 399
361 400
400 401
401 402
402 403
401 404
400 405
405 406
406 407
407 408
408 409
407 410
410 411
406 412
405 413
413 414
414 415
414 416
413 417
417 418
418 419
417 420
413 421
421 422
413 423
423 424
424 425
425 426
424 427
427 428
428 429
429 430
428 431
431 432
400 433
433 434
434 435
435 436
434 437
437 438
361 439
439 440
440 441
439 442
442 443
1 444
444 445
445 446
446 447
447 448
445 449
449 450
450 451
445 452
452 453
453 454
445 455
455 456
456 457
