1 2
2 3
2 4
1 5
5 6
6 7
6 8
1 9
9 10
10 11
11 12
10 13
13 14
14 15
10 16
16 17
16 18
18 19
10 20
20 21
20 22
10 23
23 24
24 25
23 26
26 27
10 28
28 29
29 30
30 31
31 32
32 33
28 34
34 35
35 36
34 37
37 38
38 39
39 40
40 41
41 42
40 43
43 44
44 45
43 46
34 47
47 48
47 49
49 50
50 51
51 52
50 53
53 54
34 55
55 56
56 57
56 58
55 59
59 60
60 61
59 62
55 63
63 64
55 65
65 66
66 67
67 68
68 69
67 70
70 71
66 72
34 73
73 74
74 75
75 76
74 77
73 78
78 79
79 80
80 81
81 82
80 83
83 84
79 85
78 86
86 87
87 88
87 89
86 90
90 91
91 92
90 93
86 94
94 95
86 96
96 97
97 98
98 99
97 100
100 101
101 102
102 103
101 104
104 105
73 106
106 107
107 108
108 109
107 110
110 111
34 112
112 113
113 114
112 115
115 116
1 117
117 118
118 119
119 120
118 121
121 122
122 123
118 124
124 125
124 126
126 127
118 128
128 129
129 130
128 131
131 132
118 133
133 134
134 135
135 136
136 137
137 138
133 139
139 140
140 141
139 142
142 143
143 144
144 145
145 146
146 147
145 148
148 149
149 150
148 151
139 152
152 153
152 154
154 155
155 156
156 157
155 158
158 159
139 160
160 161
161 162
161 163
160 164
164 165
165 166
164 167
160 168
168 169
160 170
170 171
171 172
172 173
173 174
172 175
175 176
171 177
139 178
178 179
179 180
180 181
181 182
180 183
179 184
184 185
185 186
184 187
187 188
178 189
189 190
190 191
191 192
192 193
191 194
194 195
190 196
189 197
197 198
198 199
198 200
197 201
201 202
202 203
201 204
197 205
205 206
197 207
207 208
208 209
209 210
208 211
211 212
212 213
213 214
212 215
215 216
178 217
217 218
218 219
219 220
218 221
221 222
139 223
223 224
224 225
223 226
226 227
1 228
228 229
229 230
230 231
231 232
229 233
233 234
234 235
