1 2
2 3
3 4
4 5
3 6
6 7
6 8
8 9
3 10
10 11
3 12
12 13
13 14
14 15
15 16
16 17
17 18
18 19
19 20
18 21
21 22
22 23
17 24
24 25
15 26
13 27
27 28
27 29
29 30
30 31
30 32
32 33
33 34
32 35
35 36
27 37
37 38
38 39
39 40
38 41
41 42
3 43
43 44
3 45
45 46
46 47
47 48
46 49
49 50
50 51
51 52
52 53
53 54
52 55
55 56
56 57
55 58
46 59
59 60
59 61
61 62
62 63
63 64
62 65
65 66
46 67
67 68
68 69
68 70
67 71
71 72
72 73
71 74
67 75
75 76
67 77
77 78
78 79
79 80
80 81
79 82
82 83
78 84
46 85
85 86
86 87
87 88
88 89
87 90
86 91
91 92
92 93
91 94
94 95
85 96
96 97
97 98
98 99
99 100
98 101
101 102
97 103
96 104
104 105
105 106
105 107
104 108
108 109
109 110
108 111
104 112
112 113
104 114
114 115
115 116
116 117
115 118
118 119
119 120
120 121
119 122
122 123
85 124
124 125
125 126
126 127
125 128
128 129
46 130
130 131
131 132
130 133
133 134
1 135
135 136
136 137
137 138
136 139
139 140
139 141
141 142
136 143
143 144
136 145
145 146
146 147
146 148
136 149
149 150
136 151
151 152
152 153
153 154
152 155
155 156
156 157
157 158
158 159
159 160
158 161
161 162
162 163
161 164
152 165
165 166
165 167
167 168
168 169
169 170
168 171
171 172
152 173
173 174
174 175
174 176
173 177
177 178
178 179
177 180
173 181
181 182
173 183
183 184
184 185
185 186
186 187
185 188
188 189
184 190
152 191
191 192
192 193
193 194
192 195
191 196
196 197
197 198
198 199
199 200
198 201
201 202
197 203
196 204
204 205
205 206
205 207
204 208
208 209
209 210
208 211
204 212
212 213
204 214
214 215
215 216
216 217
215 218
218 219
219 220
220 221
219 222
222 223
191 224
224 225
225 226
226 227
225 228
228 229
152 230
230 231
231 232
230 233
233 234
1 235
235 236
236 237
237 238
238 239
236 240
240 241
241 242
