1 2
2 3
3 4
4 5
3 6
6 7
6 8
8 9
3 10
10 11
10 12
12 13
13 14
14 15
15 16
16 17
17 18
18 19
19 20
18 21
21 22
22 23
17 24
24 25
15 26
13 27
27 28
27 29
29 30
30 31
30 32
32 33
33 34
32 35
35 36
27 37
37 38
38 39
39 40
38 41
41 42
12 43
3 44
44 45
44 46
46 47
47 48
48 49
47 50
50 51
51 52
52 53
53 54
54 55
53 56
56 57
57 58
56 59
47 60
60 61
60 62
62 63
63 64
64 65
63 66
66 67
47 68
68 69
69 70
69 71
68 72
72 73
73 74
72 75
68 76
76 77
68 78
78 79
79 80
80 81
81 82
80 83
83 84
79 85
47 86
86 87
87 88
88 89
89 90
88 91
87 92
92 93
93 94
92 95
95 96
86 97
97 98
98 99
99 100
100 101
99 102
102 103
98 104
97 105
105 106
106 107
106 108
105 109
109 110
110 111
109 112
105 113
113 114
105 115
115 116
116 117
117 118
116 119
119 120
120 121
121 122
120 123
123 124
86 125
125 126
126 127
127 128
126 129
129 130
47 131
131 132
132 133
131 134
134 135
46 136
1 137
137 138
138 139
139 140
138 141
141 142
141 143
143 144
138 145
145 146
145 147
147 148
148 149
148 150
147 151
138 152
152 153
152 154
154 155
155 156
156 157
155 158
158 159
159 160
160 161
161 162
162 163
161 164
164 165
165 166
164 167
155 168
168 169
168 170
170 171
171 172
172 173
171 174
174 175
155 176
176 177
177 178
177 179
176 180
180 181
181 182
180 183
176 184
184 185
176 186
186 187
187 188
188 189
189 190
188 191
191 192
187 193
155 194
194 195
195 196
196 197
195 198
194 199
199 200
200 201
201 202
202 203
201 204
204 205
200 206
199 207
207 208
208 209
208 210
207 211
211 212
212 213
211 214
207 215
215 216
207 217
217 218
218 219
219 220
218 221
221 222
222 223
223 224
222 225
225 226
194 227
227 228
228 229
229 230
228 231
231 232
155 233
233 234
234 235
233 236
236 237
154 238
1 239
239 240
240 241
241 242
242 243
240 244
244 245
245 246
