1 2
2 3
3 4
4 5
3 6
6 7
6 8
8 9
3 10
10 11
10 12
3 13
13 14
14 15
13 16
16 17
17 18
18 19
19 20
20 21
19 22
22 23
23 24
22 25
13 26
26 27
26 28
28 29
29 30
30 31
29 32
32 33
13 34
34 35
35 36
35 37
34 38
38 39
39 40
38 41
34 42
42 43
34 44
44 45
45 46
46 47
47 48
46 49
49 50
45 51
13 52
52 53
53 54
54 55
53 56
52 57
57 58
58 59
59 60
60 61
59 62
62 63
58 64
57 65
65 66
66 67
66 68
65 69
69 70
70 71
69 72
65 73
73 74
65 75
75 76
76 77
77 78
76 79
79 80
80 81
81 82
80 83
83 84
52 85
85 86
86 87
87 88
86 89
89 90
13 91
91 92
92 93
91 94
94 95
1 96
96 97
97 98
98 99
97 100
100 101
100 102
102 103
97 104
104 105
105 106
106 107
107 108
108 109
109 110
110 111
109 112
112 113
113 114
108 115
115 116
106 117
104 118
118 119
118 120
120 121
121 122
121 123
123 124
124 125
123 126
126 127
118 128
128 129
129 130
130 131
129 132
132 133
97 134
134 135
135 136
134 137
137 138
138 139
139 140
140 141
141 142
140 143
143 144
144 145
143 146
134 147
147 148
147 149
149 150
150 151
151 152
150 153
153 154
134 155
155 156
156 157
156 158
155 159
159 160
160 161
159 162
155 163
163 164
155 165
165 166
166 167
167 168
168 169
167 170
170 171
166 172
134 173
173 174
174 175
175 176
176 177
175 178
174 179
179 180
180 181
179 182
182 183
173 184
184 185
185 186
186 187
187 188
186 189
189 190
185 191
184 192
192 193
193 194
193 195
192 196
196 197
197 198
196 199
192 200
200 201
192 202
202 203
203 204
204 205
203 206
206 207
207 208
208 209
207 210
210 211
173 212
212 213
213 214
214 215
213 216
216 217
134 218
218 219
219 220
218 221
221 222
1 223
223 224
224 225
225 226
226 227
224 228
228 229
229 230
