1 2
2 3
2 4
1 5
5 6
6 7
6 8
1 9
9 10
10 11
11 12
10 13
13 14
14 15
10 16
16 17
16 18
18 19
10 20
20 21
20 22
10 23
23 24
24 25
23 26
26 27
10 28
28 29
29 30
30 31
31 32
32 33
28 34
34 35
35 36
34 37
37 38
38 39
39 40
40 41
41 42
40 43
43 44
44 45
43 46
34 47
47 48
47 49
49 50
50 51
51 52
50 53
53 54
34 55
55 56
56 57
56 58
55 59
59 60
60 61
59 62
55 63
63 64
55 65
65 66
66 67
67 68
68 69
67 70
70 71
66 72
34 73
73 74
74 75
75 76
74 77
73 78
78 79
79 80
80 81
81 82
80 83
83 84
79 85
78 86
86 87
87 88
87 89
86 90
90 91
91 92
90 93
86 94
94 95
86 96
96 97
97 98
98 99
97 100
100 101
101 102
102 103
101 104
104 105
73 106
106 107
107 108
108 109
107 110
110 111
34 112
112 113
113 114
112 115
115 116
1 117
117 118
118 119
119 120
118 121
121 122
122 123
118 124
124 125
124 126
126 127
118 128
128 129
129 130
130 131
131 132
132 133
133 134
134 135
133 136
136 137
137 138
132 139
139 140
130 141
128 142
142 143
142 144
144 145
145 146
145 147
147 148
148 149
147 150
150 151
142 152
152 153
153 154
154 155
153 156
156 157
118 158
158 159
159 160
158 161
161 162
118 163
163 164
164 165
165 166
166 167
167 168
163 169
169 170
170 171
169 172
172 173
173 174
174 175
175 176
176 177
175 178
178 179
179 180
178 181
169 182
182 183
182 184
184 185
185 186
186 187
185 188
188 189
169 190
190 191
191 192
191 193
190 194
194 195
195 196
194 197
190 198
198 199
190 200
200 201
201 202
202 203
203 204
202 205
205 206
201 207
169 208
208 209
209 210
210 211
211 212
210 213
209 214
214 215
215 216
214 217
217 218
208 219
219 220
220 221
221 222
222 223
221 224
224 225
220 226
219 227
227 228
228 229
228 230
227 231
231 232
232 233
231 234
227 235
235 236
227 237
237 238
238 239
239 240
238 241
241 242
242 243
243 244
242 245
245 246
208 247
247 248
248 249
249 250
248 251
251 252
169 253
253 254
254 255
253 256
256 257
1 258
258 259
259 260
260 261
261 262
259 263
263 264
264 265
