1 2
2 3
2 4
4 5
5 6
5 7
4 8
8 9
9 10
1 11
11 12
12 13
13 14
12 15
15 16
15 17
17 18
12 19
19 20
19 21
21 22
22 23
21 24
24 25
12 26
26 27
27 28
26 29
29 30
30 31
31 32
32 33
33 34
32 35
35 36
36 37
35 38
26 39
39 40
39 41
41 42
42 43
43 44
42 45
45 46
26 47
47 48
48 49
48 50
47 51
51 52
52 53
51 54
47 55
55 56
47 57
57 58
58 59
59 60
60 61
59 62
62 63
58 64
26 65
65 66
66 67
67 68
66 69
65 70
70 71
71 72
72 73
73 74
72 75
75 76
71 77
70 78
78 79
79 80
79 81
78 82
82 83
83 84
82 85
78 86
86 87
78 88
88 89
89 90
90 91
89 92
92 93
93 94
94 95
93 96
96 97
65 98
98 99
99 100
100 101
99 102
102 103
26 104
104 105
105 106
104 107
107 108
1 109
109 110
109 111
111 112
112 113
113 114
114 115
115 116
116 117
117 118
118 119
117 120
120 121
121 122
116 123
123 124
114 125
112 126
126 127
126 128
128 129
129 130
129 131
131 132
132 133
131 134
134 135
126 136
136 137
137 138
138 139
137 140
140 141
111 142
142 143
143 144
1 145
145 146
146 147
147 148
146 149
149 150
149 151
151 152
146 153
153 154
153 155
155 156
156 157
155 158
158 159
146 160
160 161
161 162
160 163
163 164
164 165
165 166
166 167
167 168
166 169
169 170
170 171
169 172
160 173
173 174
173 175
175 176
176 177
177 178
176 179
179 180
160 181
181 182
182 183
182 184
181 185
185 186
186 187
185 188
181 189
189 190
181 191
191 192
192 193
193 194
194 195
193 196
196 197
192 198
160 199
199 200
200 201
201 202
202 203
201 204
200 205
205 206
206 207
205 208
208 209
199 210
210 211
211 212
212 213
213 214
212 215
215 216
211 217
210 218
218 219
219 220
219 221
218 222
222 223
223 224
222 225
218 226
226 227
218 228
228 229
229 230
230 231
229 232
232 233
233 234
234 235
233 236
236 237
199 238
238 239
239 240
240 241
239 242
242 243
160 244
244 245
245 246
244 247
247 248
1 249
249 250
250 251
251 252
252 253
250 254
254 255
255 256
