1 2
2 3
1 4
4 5
5 6
6 7
5 8
8 9
8 10
10 11
5 12
12 13
13 14
14 15
13 16
12 17
5 18
18 19
19 20
20 21
19 22
18 23
23 24
24 25
25 26
24 27
27 28
18 29
29 30
30 31
31 32
30 33
33 34
34 35
35 36
36 37
37 38
36 39
39 40
40 41
39 42
30 43
43 44
43 45
45 46
46 47
47 48
46 49
49 50
30 51
51 52
52 53
52 54
51 55
55 56
56 57
55 58
51 59
59 60
51 61
61 62
62 63
63 64
64 65
63 66
66 67
62 68
30 69
69 70
70 71
71 72
72 73
71 74
70 75
75 76
76 77
75 78
78 79
69 80
80 81
81 82
82 83
83 84
82 85
85 86
81 87
80 88
88 89
89 90
89 91
88 92
92 93
93 94
92 95
88 96
96 97
88 98
98 99
99 100
100 101
99 102
102 103
103 104
104 105
103 106
106 107
69 108
108 109
109 110
110 111
109 112
112 113
30 114
114 115
115 116
114 117
117 118
1 119
119 120
120 121
121 122
120 123
123 124
123 125
125 126
120 127
127 128
128 129
129 130
128 131
127 132
120 133
133 134
134 135
135 136
134 137
133 138
138 139
139 140
140 141
139 142
142 143
143 144
144 145
145 146
146 147
145 148
148 149
149 150
148 151
139 152
152 153
152 154
154 155
155 156
156 157
155 158
158 159
139 160
160 161
161 162
161 163
160 164
164 165
165 166
164 167
160 168
168 169
160 170
170 171
171 172
172 173
173 174
172 175
175 176
171 177
139 178
178 179
179 180
180 181
181 182
180 183
179 184
184 185
185 186
184 187
187 188
178 189
189 190
190 191
191 192
192 193
191 194
194 195
190 196
189 197
197 198
198 199
198 200
197 201
201 202
202 203
201 204
197 205
205 206
197 207
207 208
208 209
209 210
208 211
211 212
212 213
213 214
212 215
215 216
178 217
217 218
218 219
219 220
218 221
221 222
139 223
223 224
224 225
223 226
226 227
1 228
228 229
229 230
230 231
229 232
232 233
232 234
234 235
229 236
236 237
237 238
238 239
237 240
236 241
241 242
242 243
243 244
242 245
245 246
236 247
247 248
248 249
248 250
229 251
251 252
252 253
253 254
252 255
251 256
256 257
257 258
258 259
257 260
260 261
261 262
262 263
263 264
264 265
263 266
266 267
267 268
266 269
257 270
270 271
270 272
272 273
273 274
274 275
273 276
276 277
257 278
278 279
279 280
279 281
278 282
282 283
283 284
282 285
278 286
286 287
278 288
288 289
289 290
290 291
291 292
290 293
293 294
289 295
257 296
296 297
297 298
298 299
297 300
296 301
301 302
302 303
303 304
304 305
303 306
306 307
302 308
301 309
309 310
310 311
310 312
309 313
313 314
314 315
313 316
309 317
317 318
309 319
319 320
320 321
321 322
320 323
323 324
324 325
325 326
324 327
327 328
296 329
329 330
330 331
331 332
330 333
333 334
257 335
335 336
336 337
335 338
338 339
1 340
340 341
341 342
342 343
341 344
344 345
344 346
346 347
341 348
348 349
349 350
350 351
349 352
348 353
353 354
354 355
354 356
341 357
357 358
358 359
359 360
358 361
357 362
362 363
363 364
364 365
363 366
366 367
367 368
368 369
369 370
370 371
369 372
372 373
373 374
372 375
363 376
376 377
376 378
378 379
379 380
380 381
379 382
382 383
363 384
384 385
385 386
385 387
384 388
388 389
389 390
388 391
384 392
392 393
384 394
394 395
395 396
396 397
397 398
396 399
399 400
395 401
363 402
402 403
403 404
404 405
403 406
402 407
407 408
408 409
409 410
410 411
409 412
412 413
408 414
407 415
415 416
416 417
416 418
415 419
419 420
420 421
419 422
415 423
423 424
415 425
425 426
426 427
427 428
426 429
429 430
430 431
431 432
430 433
433 434
402 435
435 436
436 437
437 438
436 439
439 440
363 441
441 442
442 443
441 444
444 445
1 446
446 447
447 448
448 449
449 450
447 451
451 452
452 453
447 454
454 455
455 456
447 457
457 458
458 459
