1 2
2 3
1 4
4 5
1 6
6 7
7 8
8 9
7 10
10 11
10 12
12 13
7 14
14 15
15 16
14 17
7 18
18 19
19 20
18 21
21 22
22 23
23 24
22 25
25 26
18 27
27 28
28 29
29 30
28 31
31 32
32 33
33 34
34 35
35 36
34 37
37 38
38 39
37 40
28 41
41 42
41 43
43 44
44 45
45 46
44 47
47 48
28 49
49 50
50 51
50 52
49 53
53 54
54 55
53 56
49 57
57 58
49 59
59 60
60 61
61 62
62 63
61 64
64 65
60 66
28 67
67 68
68 69
69 70
70 71
69 72
68 73
73 74
74 75
73 76
76 77
67 78
78 79
79 80
80 81
81 82
80 83
83 84
79 85
78 86
86 87
87 88
87 89
86 90
90 91
91 92
90 93
86 94
94 95
86 96
96 97
97 98
98 99
97 100
100 101
101 102
102 103
101 104
104 105
67 106
106 107
107 108
108 109
107 110
110 111
28 112
112 113
113 114
112 115
115 116
1 117
117 118
118 119
119 120
118 121
121 122
121 123
123 124
118 125
125 126
126 127
125 128
118 129
129 130
130 131
129 132
132 133
133 134
134 135
133 136
136 137
137 138
138 139
139 140
140 141
139 142
142 143
143 144
142 145
133 146
146 147
146 148
148 149
149 150
150 151
149 152
152 153
133 154
154 155
155 156
155 157
154 158
158 159
159 160
158 161
154 162
162 163
154 164
164 165
165 166
166 167
167 168
166 169
169 170
165 171
133 172
172 173
173 174
174 175
175 176
174 177
173 178
178 179
179 180
178 181
181 182
172 183
183 184
184 185
185 186
186 187
185 188
188 189
184 190
183 191
191 192
192 193
192 194
191 195
195 196
196 197
195 198
191 199
199 200
191 201
201 202
202 203
203 204
202 205
205 206
206 207
207 208
206 209
209 210
172 211
211 212
212 213
213 214
212 215
215 216
133 217
217 218
218 219
217 220
220 221
1 222
222 223
223 224
224 225
223 226
226 227
226 228
228 229
223 230
230 231
231 232
230 233
233 234
234 235
235 236
234 237
237 238
230 239
239 240
240 241
240 242
223 243
243 244
244 245
243 246
246 247
247 248
248 249
247 250
250 251
251 252
252 253
253 254
254 255
253 256
256 257
257 258
256 259
247 260
260 261
260 262
262 263
263 264
264 265
263 266
266 267
247 268
268 269
269 270
269 271
268 272
272 273
273 274
272 275
268 276
276 277
268 278
278 279
279 280
280 281
281 282
280 283
283 284
279 285
247 286
286 287
287 288
288 289
287 290
286 291
291 292
292 293
293 294
294 295
293 296
296 297
292 298
291 299
299 300
300 301
300 302
299 303
303 304
304 305
303 306
299 307
307 308
299 309
309 310
310 311
311 312
310 313
313 314
314 315
315 316
314 317
317 318
286 319
319 320
320 321
321 322
320 323
323 324
247 325
325 326
326 327
325 328
328 329
1 330
330 331
331 332
332 333
331 334
334 335
334 336
336 337
331 338
338 339
339 340
338 341
341 342
342 343
342 344
331 345
345 346
346 347
345 348
348 349
349 350
350 351
349 352
352 353
353 354
354 355
355 356
356 357
355 358
358 359
359 360
358 361
349 362
362 363
362 364
364 365
365 366
366 367
365 368
368 369
349 370
370 371
371 372
371 373
370 374
374 375
375 376
374 377
370 378
378 379
370 380
380 381
381 382
382 383
383 384
382 385
385 386
381 387
349 388
388 389
389 390
390 391
389 392
388 393
393 394
394 395
395 396
396 397
395 398
398 399
394 400
393 401
401 402
402 403
402 404
401 405
405 406
406 407
405 408
401 409
409 410
401 411
411 412
412 413
413 414
412 415
415 416
416 417
417 418
416 419
419 420
388 421
421 422
422 423
423 424
422 425
425 426
349 427
427 428
428 429
427 430
430 431
1 432
432 433
433 434
434 435
435 436
433 437
437 438
438 439
433 440
440 441
441 442
433 443
443 444
444 445
