1 2
2 3
3 4
4 5
3 6
6 7
6 8
8 9
3 10
10 11
10 12
12 13
13 14
13 15
12 16
12 17
17 18
18 19
19 20
18 21
21 22
12 23
3 24
24 25
24 26
26 27
27 28
27 29
29 30
30 31
29 32
32 33
26 34
26 35
35 36
36 37
37 38
36 39
39 40
40 41
41 42
42 43
43 44
42 45
45 46
46 47
45 48
36 49
49 50
49 51
51 52
52 53
53 54
52 55
55 56
36 57
57 58
58 59
58 60
57 61
61 62
62 63
61 64
57 65
65 66
57 67
67 68
68 69
69 70
70 71
69 72
72 73
68 74
36 75
75 76
76 77
77 78
78 79
77 80
76 81
81 82
82 83
81 84
84 85
75 86
86 87
87 88
88 89
89 90
88 91
91 92
87 93
86 94
94 95
95 96
95 97
94 98
98 99
99 100
98 101
94 102
102 103
94 104
104 105
105 106
106 107
105 108
108 109
109 110
110 111
109 112
112 113
75 114
114 115
115 116
116 117
115 118
118 119
36 120
120 121
121 122
120 123
123 124
26 125
1 126
126 127
127 128
128 129
127 130
130 131
130 132
132 133
127 134
134 135
134 136
136 137
137 138
137 139
136 140
136 141
141 142
142 143
143 144
142 145
145 146
136 147
127 148
148 149
148 150
150 151
151 152
151 153
153 154
154 155
153 156
156 157
157 158
158 159
159 160
160 161
159 162
162 163
163 164
162 165
153 166
166 167
166 168
168 169
169 170
170 171
169 172
172 173
153 174
174 175
175 176
175 177
174 178
178 179
179 180
178 181
174 182
182 183
174 184
184 185
185 186
186 187
187 188
186 189
189 190
185 191
153 192
192 193
193 194
194 195
195 196
194 197
193 198
198 199
199 200
198 201
201 202
192 203
203 204
204 205
205 206
206 207
205 208
208 209
204 210
203 211
211 212
212 213
212 214
211 215
215 216
216 217
215 218
211 219
219 220
211 221
221 222
222 223
223 224
222 225
225 226
226 227
227 228
226 229
229 230
192 231
231 232
232 233
233 234
232 235
235 236
153 237
237 238
238 239
237 240
240 241
150 242
150 243
243 244
244 245
245 246
244 247
247 248
150 249
1 250
250 251
251 252
252 253
251 254
254 255
254 256
256 257
251 258
258 259
258 260
260 261
261 262
261 263
263 264
264 265
263 266
266 267
260 268
260 269
269 270
270 271
270 272
260 273
251 274
274 275
274 276
276 277
277 278
277 279
279 280
280 281
279 282
282 283
283 284
284 285
285 286
286 287
285 288
288 289
289 290
288 291
279 292
292 293
292 294
294 295
295 296
296 297
295 298
298 299
279 300
300 301
301 302
301 303
300 304
304 305
305 306
304 307
300 308
308 309
300 310
310 311
311 312
312 313
313 314
312 315
315 316
311 317
279 318
318 319
319 320
320 321
319 322
318 323
323 324
324 325
325 326
326 327
325 328
328 329
324 330
323 331
331 332
332 333
332 334
331 335
335 336
336 337
335 338
331 339
339 340
331 341
341 342
342 343
343 344
342 345
345 346
346 347
347 348
346 349
349 350
318 351
351 352
352 353
353 354
352 355
355 356
279 357
357 358
358 359
357 360
360 361
276 362
276 363
363 364
364 365
365 366
364 367
367 368
276 369
1 370
370 371
371 372
372 373
371 374
374 375
374 376
376 377
371 378
378 379
378 380
380 381
381 382
381 383
383 384
383 385
380 386
380 387
387 388
388 389
389 390
388 391
391 392
380 393
371 394
394 395
394 396
396 397
397 398
397 399
399 400
400 401
399 402
402 403
403 404
404 405
405 406
406 407
405 408
408 409
409 410
408 411
399 412
412 413
412 414
414 415
415 416
416 417
415 418
418 419
399 420
420 421
421 422
421 423
420 424
424 425
425 426
424 427
420 428
428 429
420 430
430 431
431 432
432 433
433 434
432 435
435 436
431 437
399 438
438 439
439 440
440 441
439 442
438 443
443 444
444 445
445 446
446 447
445 448
448 449
444 450
443 451
451 452
452 453
452 454
451 455
455 456
456 457
455 458
451 459
459 460
451 461
461 462
462 463
463 464
462 465
465 466
466 467
467 468
466 469
469 470
438 471
471 472
472 473
473 474
472 475
475 476
399 477
477 478
478 479
477 480
480 481
396 482
396 483
483 484
484 485
485 486
484 487
487 488
396 489
1 490
490 491
491 492
492 493
493 494
491 495
495 496
496 497
491 498
498 499
499 500
491 501
501 502
502 503
