1 2
2 3
3 4
4 5
3 6
6 7
6 8
8 9
3 10
10 11
10 12
12 13
13 14
14 15
15 16
16 17
17 18
18 19
19 20
18 21
21 22
22 23
17 24
24 25
15 26
13 27
27 28
27 29
29 30
30 31
30 32
32 33
33 34
32 35
35 36
27 37
37 38
38 39
39 40
38 41
41 42
3 43
43 44
43 45
45 46
46 47
47 48
46 49
49 50
43 51
51 52
52 53
53 54
52 55
55 56
56 57
57 58
58 59
59 60
58 61
61 62
62 63
61 64
52 65
65 66
65 67
67 68
68 69
69 70
68 71
71 72
52 73
73 74
74 75
74 76
73 77
77 78
78 79
77 80
73 81
81 82
73 83
83 84
84 85
85 86
86 87
85 88
88 89
84 90
52 91
91 92
92 93
93 94
94 95
93 96
92 97
97 98
98 99
97 100
100 101
91 102
102 103
103 104
104 105
105 106
104 107
107 108
103 109
102 110
110 111
111 112
111 113
110 114
114 115
115 116
114 117
110 118
118 119
110 120
120 121
121 122
122 123
121 124
124 125
125 126
126 127
125 128
128 129
91 130
130 131
131 132
132 133
131 134
134 135
52 136
136 137
137 138
136 139
139 140
1 141
141 142
142 143
143 144
142 145
145 146
145 147
147 148
142 149
149 150
149 151
151 152
152 153
153 154
154 155
155 156
156 157
157 158
158 159
157 160
160 161
161 162
156 163
163 164
154 165
152 166
166 167
166 168
168 169
169 170
169 171
171 172
172 173
171 174
174 175
166 176
176 177
177 178
178 179
177 180
180 181
142 182
182 183
182 184
184 185
185 186
186 187
185 188
188 189
189 190
190 191
191 192
192 193
191 194
194 195
195 196
194 197
185 198
198 199
198 200
200 201
201 202
202 203
201 204
204 205
185 206
206 207
207 208
207 209
206 210
210 211
211 212
210 213
206 214
214 215
206 216
216 217
217 218
218 219
219 220
218 221
221 222
217 223
185 224
224 225
225 226
226 227
227 228
226 229
225 230
230 231
231 232
230 233
233 234
224 235
235 236
236 237
237 238
238 239
237 240
240 241
236 242
235 243
243 244
244 245
244 246
243 247
247 248
248 249
247 250
243 251
251 252
243 253
253 254
254 255
255 256
254 257
257 258
258 259
259 260
258 261
261 262
224 263
263 264
264 265
265 266
264 267
267 268
185 269
269 270
270 271
269 272
272 273
1 274
274 275
275 276
276 277
275 278
278 279
278 280
280 281
275 282
282 283
282 284
284 285
285 286
286 287
285 288
288 289
282 290
290 291
291 292
291 293
275 294
294 295
294 296
296 297
297 298
298 299
297 300
300 301
301 302
302 303
303 304
304 305
303 306
306 307
307 308
306 309
297 310
310 311
310 312
312 313
313 314
314 315
313 316
316 317
297 318
318 319
319 320
319 321
318 322
322 323
323 324
322 325
318 326
326 327
318 328
328 329
329 330
330 331
331 332
330 333
333 334
329 335
297 336
336 337
337 338
338 339
337 340
336 341
341 342
342 343
343 344
344 345
343 346
346 347
342 348
341 349
349 350
350 351
350 352
349 353
353 354
354 355
353 356
349 357
357 358
349 359
359 360
360 361
361 362
360 363
363 364
364 365
365 366
364 367
367 368
336 369
369 370
370 371
371 372
370 373
373 374
297 375
375 376
376 377
375 378
378 379
1 380
380 381
381 382
382 383
381 384
384 385
384 386
386 387
381 388
388 389
388 390
390 391
391 392
391 393
381 394
394 395
394 396
396 397
397 398
398 399
397 400
400 401
401 402
402 403
403 404
404 405
403 406
406 407
407 408
406 409
397 410
410 411
410 412
412 413
413 414
414 415
413 416
416 417
397 418
418 419
419 420
419 421
418 422
422 423
423 424
422 425
418 426
426 427
418 428
428 429
429 430
430 431
431 432
430 433
433 434
429 435
397 436
436 437
437 438
438 439
437 440
436 441
441 442
442 443
443 444
444 445
443 446
446 447
442 448
441 449
449 450
450 451
450 452
449 453
453 454
454 455
453 456
449 457
457 458
449 459
459 460
460 461
461 462
460 463
463 464
464 465
465 466
464 467
467 468
436 469
469 470
470 471
471 472
470 473
473 474
397 475
475 476
476 477
475 478
478 479
1 480
480 481
481 482
482 483
483 484
481 485
485 486
486 487
481 488
488 489
489 490
481 491
491 492
492 493
