1 2
2 3
3 4
4 5
3 6
6 7
6 8
8 9
3 10
10 11
10 12
3 13
13 14
14 15
15 16
16 17
13 18
18 19
19 20
20 21
13 22
22 23
23 24
22 25
25 26
26 27
27 28
28 29
29 30
28 31
31 32
32 33
31 34
22 35
35 36
35 37
37 38
38 39
39 40
38 41
41 42
22 43
43 44
44 45
44 46
43 47
47 48
48 49
47 50
43 51
51 52
43 53
53 54
54 55
55 56
56 57
55 58
58 59
54 60
22 61
61 62
62 63
63 64
62 65
61 66
66 67
67 68
68 69
69 70
68 71
71 72
67 73
66 74
74 75
75 76
75 77
74 78
78 79
79 80
78 81
74 82
82 83
74 84
84 85
85 86
86 87
85 88
88 89
89 90
90 91
89 92
92 93
61 94
94 95
95 96
96 97
95 98
98 99
22 100
100 101
101 102
100 103
103 104
1 105
105 106
106 107
107 108
106 109
109 110
109 111
111 112
106 113
113 114
114 115
115 116
116 117
117 118
118 119
119 120
118 121
121 122
122 123
117 124
124 125
115 126
113 127
127 128
127 129
129 130
130 131
130 132
132 133
133 134
132 135
135 136
127 137
137 138
138 139
139 140
138 141
141 142
106 143
143 144
144 145
145 146
146 147
143 148
148 149
149 150
150 151
143 152
152 153
153 154
152 155
155 156
156 157
157 158
158 159
159 160
158 161
161 162
162 163
161 164
152 165
165 166
165 167
167 168
168 169
169 170
168 171
171 172
152 173
173 174
174 175
174 176
173 177
177 178
178 179
177 180
173 181
181 182
173 183
183 184
184 185
185 186
186 187
185 188
188 189
184 190
152 191
191 192
192 193
193 194
194 195
193 196
192 197
197 198
198 199
197 200
200 201
191 202
202 203
203 204
204 205
205 206
204 207
207 208
203 209
202 210
210 211
211 212
211 213
210 214
214 215
215 216
214 217
210 218
218 219
210 220
220 221
221 222
222 223
221 224
224 225
225 226
226 227
225 228
228 229
191 230
230 231
231 232
232 233
231 234
234 235
152 236
236 237
237 238
236 239
239 240
1 241
241 242
242 243
243 244
244 245
242 246
246 247
247 248
