1 2
1 3
1 4
1 5
5 6
6 7
7 8
8 9
9 10
6 11
11 12
12 13
11 14
14 15
15 16
16 17
17 18
18 19
17 20
20 21
21 22
20 23
11 24
24 25
24 26
26 27
27 28
28 29
27 30
30 31
11 32
32 33
33 34
33 35
32 36
36 37
37 38
36 39
32 40
40 41
32 42
42 43
43 44
44 45
45 46
44 47
47 48
43 49
11 50
50 51
51 52
52 53
51 54
50 55
55 56
56 57
57 58
58 59
57 60
60 61
56 62
55 63
63 64
64 65
64 66
63 67
67 68
68 69
67 70
63 71
71 72
63 73
73 74
74 75
75 76
74 77
77 78
78 79
79 80
78 81
81 82
50 83
83 84
84 85
85 86
84 87
87 88
11 89
89 90
90 91
89 92
92 93
1 94
94 95
95 96
96 97
95 98
98 99
98 100
100 101
95 102
102 103
102 104
95 105
105 106
105 107
107 108
95 109
109 110
110 111
1 112
112 113
113 114
114 115
115 116
116 117
113 118
118 119
119 120
118 121
121 122
122 123
123 124
124 125
125 126
124 127
127 128
128 129
127 130
118 131
131 132
131 133
133 134
134 135
135 136
134 137
137 138
118 139
139 140
140 141
140 142
139 143
143 144
144 145
143 146
139 147
147 148
139 149
149 150
150 151
151 152
152 153
151 154
154 155
150 156
118 157
157 158
158 159
159 160
160 161
159 162
158 163
163 164
164 165
163 166
166 167
157 168
168 169
169 170
170 171
171 172
170 173
173 174
169 175
168 176
176 177
177 178
177 179
176 180
180 181
181 182
180 183
176 184
184 185
176 186
186 187
187 188
188 189
187 190
190 191
191 192
192 193
191 194
194 195
157 196
196 197
197 198
198 199
197 200
200 201
118 202
202 203
203 204
202 205
205 206
1 207
207 208
208 209
209 210
208 211
211 212
211 213
213 214
208 215
215 216
216 217
217 218
218 219
219 220
220 221
221 222
220 223
223 224
224 225
219 226
226 227
217 228
215 229
229 230
229 231
231 232
232 233
232 234
234 235
235 236
234 237
237 238
229 239
239 240
240 241
241 242
240 243
243 244
208 245
245 246
245 247
247 248
208 249
249 250
250 251
1 252
252 253
253 254
254 255
255 256
253 257
257 258
258 259
