1 2
2 3
3 4
3 5
5 6
6 7
6 8
2 9
9 10
10 11
11 12
10 13
13 14
13 15
15 16
10 17
17 18
18 19
17 20
10 21
21 22
22 23
21 24
24 25
21 26
26 27
26 28
21 29
29 30
30 31
30 32
29 33
33 34
34 35
33 36
29 37
37 38
29 39
39 40
40 41
41 42
42 43
41 44
44 45
40 46
21 47
47 48
48 49
49 50
48 51
47 52
52 53
53 54
54 55
55 56
54 57
57 58
53 59
52 60
60 61
61 62
61 63
60 64
64 65
65 66
64 67
60 68
68 69
60 70
47 71
2 72
72 73
72 74
2 75
75 76
76 77
77 78
76 79
79 80
79 81
81 82
76 83
83 84
84 85
83 86
76 87
87 88
88 89
87 90
90 91
87 92
92 93
92 94
87 95
95 96
96 97
96 98
95 99
99 100
100 101
99 102
95 103
103 104
95 105
105 106
106 107
107 108
108 109
107 110
110 111
106 112
87 113
113 114
114 115
115 116
116 117
115 118
114 119
119 120
120 121
119 122
122 123
113 124
124 125
125 126
126 127
127 128
126 129
129 130
125 131
124 132
132 133
133 134
133 135
132 136
136 137
137 138
136 139
132 140
140 141
132 142
113 143
2 144
144 145
145 146
146 147
147 148
145 149
149 150
150 151
