1 2
2 3
1 4
4 5
1 6
6 7
1 8
8 9
8 10
10 11
11 12
12 13
11 14
14 15
15 16
16 17
15 18
18 19
11 20
20 21
21 22
22 23
21 24
24 25
25 26
26 27
27 28
28 29
27 30
30 31
31 32
30 33
21 34
34 35
34 36
36 37
37 38
38 39
37 40
40 41
21 42
42 43
43 44
43 45
42 46
46 47
47 48
46 49
42 50
50 51
42 52
52 53
53 54
54 55
55 56
54 57
57 58
53 59
21 60
60 61
61 62
62 63
63 64
62 65
61 66
66 67
67 68
66 69
69 70
60 71
71 72
72 73
73 74
74 75
73 76
76 77
72 78
71 79
79 80
80 81
80 82
79 83
83 84
84 85
83 86
79 87
87 88
79 89
89 90
90 91
91 92
90 93
93 94
94 95
95 96
94 97
97 98
60 99
99 100
100 101
101 102
100 103
103 104
21 105
105 106
106 107
105 108
108 109
1 110
110 111
111 112
112 113
111 114
114 115
114 116
116 117
111 118
118 119
118 120
111 121
121 122
122 123
121 124
124 125
1 126
126 127
126 128
128 129
129 130
130 131
129 132
132 133
133 134
134 135
133 136
136 137
137 138
138 139
139 140
140 141
139 142
142 143
143 144
142 145
133 146
146 147
146 148
148 149
149 150
150 151
149 152
152 153
133 154
154 155
155 156
155 157
154 158
158 159
159 160
158 161
154 162
162 163
154 164
164 165
165 166
166 167
167 168
166 169
169 170
165 171
133 172
172 173
173 174
174 175
175 176
174 177
173 178
178 179
179 180
178 181
181 182
172 183
183 184
184 185
185 186
186 187
185 188
188 189
184 190
183 191
191 192
192 193
192 194
191 195
195 196
196 197
195 198
191 199
199 200
191 201
201 202
202 203
203 204
202 205
205 206
206 207
207 208
206 209
209 210
172 211
211 212
212 213
213 214
212 215
215 216
133 217
217 218
218 219
217 220
220 221
1 222
222 223
223 224
224 225
223 226
226 227
226 228
228 229
223 230
230 231
230 232
223 233
233 234
234 235
233 236
236 237
1 238
238 239
238 240
240 241
241 242
242 243
241 244
244 245
245 246
246 247
245 248
248 249
249 250
250 251
251 252
252 253
251 254
254 255
255 256
254 257
245 258
258 259
258 260
260 261
261 262
262 263
261 264
264 265
245 266
266 267
267 268
267 269
266 270
270 271
271 272
270 273
266 274
274 275
266 276
276 277
277 278
278 279
279 280
278 281
281 282
277 283
245 284
284 285
285 286
286 287
285 288
284 289
289 290
290 291
291 292
292 293
291 294
294 295
290 296
289 297
297 298
298 299
298 300
297 301
301 302
302 303
301 304
297 305
305 306
297 307
307 308
308 309
309 310
308 311
311 312
312 313
313 314
312 315
315 316
284 317
317 318
318 319
319 320
318 321
321 322
245 323
323 324
324 325
323 326
326 327
1 328
328 329
329 330
330 331
329 332
332 333
332 334
334 335
329 336
336 337
336 338
329 339
339 340
339 341
329 342
342 343
343 344
342 345
345 346
1 347
347 348
348 349
349 350
350 351
348 352
352 353
353 354
348 355
355 356
356 357
