1 2
2 3
1 4
4 5
1 6
6 7
7 8
8 9
7 10
10 11
10 12
12 13
7 14
14 15
15 16
14 17
17 18
18 19
19 20
20 21
21 22
22 23
23 24
24 25
23 26
26 27
27 28
22 29
29 30
20 31
18 32
32 33
32 34
34 35
35 36
35 37
37 38
38 39
37 40
40 41
32 42
42 43
43 44
44 45
43 46
46 47
7 48
48 49
49 50
48 51
51 52
52 53
53 54
52 55
55 56
48 57
57 58
58 59
59 60
58 61
61 62
62 63
63 64
64 65
65 66
64 67
67 68
68 69
67 70
58 71
71 72
71 73
73 74
74 75
75 76
74 77
77 78
58 79
79 80
80 81
80 82
79 83
83 84
84 85
83 86
79 87
87 88
79 89
89 90
90 91
91 92
92 93
91 94
94 95
90 96
58 97
97 98
98 99
99 100
100 101
99 102
98 103
103 104
104 105
103 106
106 107
97 108
108 109
109 110
110 111
111 112
110 113
113 114
109 115
108 116
116 117
117 118
117 119
116 120
120 121
121 122
120 123
116 124
124 125
116 126
126 127
127 128
128 129
127 130
130 131
131 132
132 133
131 134
134 135
97 136
136 137
137 138
138 139
137 140
140 141
58 142
142 143
143 144
142 145
145 146
1 147
147 148
148 149
149 150
148 151
151 152
151 153
153 154
148 155
155 156
156 157
155 158
158 159
159 160
160 161
161 162
162 163
163 164
164 165
165 166
164 167
167 168
168 169
163 170
170 171
161 172
159 173
173 174
173 175
175 176
176 177
176 178
178 179
179 180
178 181
181 182
173 183
183 184
184 185
185 186
184 187
187 188
148 189
189 190
190 191
189 192
192 193
193 194
194 195
193 196
196 197
197 198
198 199
199 200
200 201
199 202
202 203
203 204
202 205
193 206
206 207
206 208
208 209
209 210
210 211
209 212
212 213
193 214
214 215
215 216
215 217
214 218
218 219
219 220
218 221
214 222
222 223
214 224
224 225
225 226
226 227
227 228
226 229
229 230
225 231
193 232
232 233
233 234
234 235
235 236
234 237
233 238
238 239
239 240
238 241
241 242
232 243
243 244
244 245
245 246
246 247
245 248
248 249
244 250
243 251
251 252
252 253
252 254
251 255
255 256
256 257
255 258
251 259
259 260
251 261
261 262
262 263
263 264
262 265
265 266
266 267
267 268
266 269
269 270
232 271
271 272
272 273
273 274
272 275
275 276
193 277
277 278
278 279
277 280
280 281
1 282
282 283
283 284
284 285
283 286
286 287
286 288
288 289
283 290
290 291
291 292
290 293
293 294
294 295
295 296
294 297
297 298
290 299
299 300
300 301
300 302
283 303
303 304
304 305
303 306
306 307
307 308
308 309
307 310
310 311
311 312
312 313
313 314
314 315
313 316
316 317
317 318
316 319
307 320
320 321
320 322
322 323
323 324
324 325
323 326
326 327
307 328
328 329
329 330
329 331
328 332
332 333
333 334
332 335
328 336
336 337
328 338
338 339
339 340
340 341
341 342
340 343
343 344
339 345
307 346
346 347
347 348
348 349
347 350
346 351
351 352
352 353
353 354
354 355
353 356
356 357
352 358
351 359
359 360
360 361
360 362
359 363
363 364
364 365
363 366
359 367
367 368
359 369
369 370
370 371
371 372
370 373
373 374
374 375
375 376
374 377
377 378
346 379
379 380
380 381
381 382
380 383
383 384
307 385
385 386
386 387
385 388
388 389
1 390
390 391
391 392
392 393
391 394
394 395
394 396
396 397
391 398
398 399
399 400
398 401
401 402
402 403
402 404
391 405
405 406
406 407
405 408
408 409
409 410
410 411
409 412
412 413
413 414
414 415
415 416
416 417
415 418
418 419
419 420
418 421
409 422
422 423
422 424
424 425
425 426
426 427
425 428
428 429
409 430
430 431
431 432
431 433
430 434
434 435
435 436
434 437
430 438
438 439
430 440
440 441
441 442
442 443
443 444
442 445
445 446
441 447
409 448
448 449
449 450
450 451
449 452
448 453
453 454
454 455
455 456
456 457
455 458
458 459
454 460
453 461
461 462
462 463
462 464
461 465
465 466
466 467
465 468
461 469
469 470
461 471
471 472
472 473
473 474
472 475
475 476
476 477
477 478
476 479
479 480
448 481
481 482
482 483
483 484
482 485
485 486
409 487
487 488
488 489
487 490
490 491
1 492
492 493
493 494
494 495
495 496
493 497
497 498
498 499
493 500
500 501
501 502
493 503
503 504
504 505
