1 2
2 3
3 4
4 5
3 6
6 7
6 8
8 9
3 10
10 11
10 12
3 13
13 14
14 15
15 16
16 17
13 18
18 19
19 20
20 21
13 22
22 23
23 24
22 25
25 26
26 27
27 28
28 29
29 30
28 31
31 32
32 33
31 34
22 35
35 36
35 37
37 38
38 39
39 40
38 41
41 42
22 43
43 44
44 45
44 46
43 47
47 48
48 49
47 50
43 51
51 52
43 53
53 54
54 55
55 56
56 57
55 58
58 59
54 60
22 61
61 62
62 63
63 64
62 65
61 66
66 67
67 68
68 69
69 70
68 71
71 72
67 73
66 74
74 75
75 76
75 77
74 78
78 79
79 80
78 81
74 82
82 83
74 84
84 85
85 86
86 87
85 88
88 89
89 90
90 91
89 92
92 93
61 94
94 95
95 96
96 97
95 98
98 99
22 100
100 101
101 102
100 103
103 104
1 105
105 106
106 107
107 108
106 109
109 110
109 111
111 112
106 113
113 114
114 115
115 116
116 117
113 118
118 119
119 120
120 121
113 122
122 123
123 124
122 125
125 126
126 127
127 128
128 129
129 130
128 131
131 132
132 133
131 134
122 135
135 136
135 137
137 138
138 139
139 140
138 141
141 142
122 143
143 144
144 145
144 146
143 147
147 148
148 149
147 150
143 151
151 152
143 153
153 154
154 155
155 156
156 157
155 158
158 159
154 160
122 161
161 162
162 163
163 164
164 165
163 166
162 167
167 168
168 169
167 170
170 171
161 172
172 173
173 174
174 175
175 176
174 177
177 178
173 179
172 180
180 181
181 182
181 183
180 184
184 185
185 186
184 187
180 188
188 189
180 190
190 191
191 192
192 193
191 194
194 195
195 196
196 197
195 198
198 199
161 200
200 201
201 202
202 203
201 204
204 205
122 206
206 207
207 208
206 209
209 210
1 211
211 212
212 213
213 214
214 215
212 216
216 217
217 218
