1 2
2 3
3 4
4 5
4 6
3 7
7 8
3 9
9 10
9 11
11 12
3 13
13 14
14 15
14 16
13 17
17 18
18 19
17 20
13 21
21 22
13 23
3 24
24 25
25 26
25 27
24 28
28 29
29 30
28 31
24 32
32 33
24 34
34 35
35 36
36 37
35 38
38 39
39 40
40 41
41 42
42 43
41 44
44 45
45 46
44 47
35 48
48 49
48 50
50 51
51 52
52 53
51 54
54 55
35 56
56 57
57 58
57 59
56 60
60 61
61 62
60 63
56 64
64 65
56 66
66 67
67 68
68 69
69 70
68 71
71 72
67 73
35 74
74 75
75 76
76 77
77 78
76 79
75 80
80 81
81 82
80 83
83 84
74 85
85 86
86 87
87 88
88 89
87 90
90 91
86 92
85 93
93 94
94 95
94 96
93 97
97 98
98 99
97 100
93 101
101 102
93 103
103 104
104 105
105 106
104 107
107 108
108 109
109 110
108 111
111 112
74 113
113 114
114 115
115 116
114 117
117 118
35 119
119 120
120 121
119 122
122 123
1 124
124 125
125 126
126 127
126 128
125 129
129 130
125 131
131 132
131 133
133 134
125 135
135 136
136 137
136 138
135 139
139 140
140 141
139 142
135 143
143 144
135 145
145 146
146 147
146 148
125 149
149 150
150 151
150 152
149 153
153 154
154 155
153 156
149 157
157 158
149 159
159 160
160 161
161 162
160 163
163 164
164 165
165 166
166 167
167 168
166 169
169 170
170 171
169 172
160 173
173 174
173 175
175 176
176 177
177 178
176 179
179 180
160 181
181 182
182 183
182 184
181 185
185 186
186 187
185 188
181 189
189 190
181 191
191 192
192 193
193 194
194 195
193 196
196 197
192 198
160 199
199 200
200 201
201 202
200 203
199 204
204 205
205 206
206 207
207 208
206 209
209 210
205 211
204 212
212 213
213 214
213 215
212 216
216 217
217 218
216 219
212 220
220 221
212 222
222 223
223 224
224 225
223 226
226 227
227 228
228 229
227 230
230 231
199 232
232 233
233 234
234 235
233 236
236 237
160 238
238 239
239 240
238 241
241 242
1 243
243 244
244 245
245 246
246 247
244 248
248 249
249 250
