1 2
2 3
3 4
4 5
3 6
6 7
6 8
8 9
3 10
10 11
11 12
12 13
10 14
14 15
15 16
16 17
17 18
18 19
19 20
20 21
21 22
20 23
23 24
24 25
19 26
26 27
17 28
15 29
29 30
29 31
31 32
32 33
32 34
34 35
35 36
34 37
37 38
29 39
39 40
40 41
41 42
40 43
43 44
10 45
45 46
46 47
47 48
48 49
49 50
50 51
51 52
52 53
51 54
54 55
55 56
50 57
57 58
48 59
46 60
60 61
60 62
62 63
63 64
63 65
65 66
66 67
65 68
68 69
60 70
70 71
71 72
72 73
71 74
74 75
3 76
76 77
77 78
78 79
76 80
80 81
81 82
82 83
81 84
84 85
85 86
86 87
87 88
88 89
87 90
90 91
91 92
90 93
81 94
94 95
94 96
96 97
97 98
98 99
97 100
100 101
81 102
102 103
103 104
103 105
102 106
106 107
107 108
106 109
102 110
110 111
102 112
112 113
113 114
114 115
115 116
114 117
117 118
113 119
81 120
120 121
121 122
122 123
123 124
122 125
121 126
126 127
127 128
126 129
129 130
120 131
131 132
132 133
133 134
134 135
133 136
136 137
132 138
131 139
139 140
140 141
140 142
139 143
143 144
144 145
143 146
139 147
147 148
139 149
149 150
150 151
151 152
150 153
153 154
154 155
155 156
154 157
157 158
120 159
159 160
160 161
161 162
160 163
163 164
81 165
165 166
166 167
165 168
168 169
76 170
170 171
171 172
172 173
171 174
174 175
175 176
176 177
177 178
178 179
177 180
180 181
181 182
180 183
171 184
184 185
184 186
186 187
187 188
188 189
187 190
190 191
171 192
192 193
193 194
193 195
192 196
196 197
197 198
196 199
192 200
200 201
192 202
202 203
203 204
204 205
205 206
204 207
207 208
203 209
171 210
210 211
211 212
212 213
213 214
212 215
211 216
216 217
217 218
216 219
219 220
210 221
221 222
222 223
223 224
224 225
223 226
226 227
222 228
221 229
229 230
230 231
230 232
229 233
233 234
234 235
233 236
229 237
237 238
229 239
239 240
240 241
241 242
240 243
243 244
244 245
245 246
244 247
247 248
210 249
249 250
250 251
251 252
250 253
253 254
171 255
255 256
256 257
255 258
258 259
1 260
260 261
261 262
262 263
261 264
264 265
264 266
266 267
261 268
268 269
269 270
270 271
268 272
272 273
273 274
273 275
268 276
276 277
277 278
277 279
261 280
280 281
281 282
282 283
280 284
284 285
285 286
286 287
285 288
288 289
289 290
290 291
291 292
292 293
291 294
294 295
295 296
294 297
285 298
298 299
298 300
300 301
301 302
302 303
301 304
304 305
285 306
306 307
307 308
307 309
306 310
310 311
311 312
310 313
306 314
314 315
306 316
316 317
317 318
318 319
319 320
318 321
321 322
317 323
285 324
324 325
325 326
326 327
325 328
324 329
329 330
330 331
331 332
332 333
331 334
334 335
330 336
329 337
337 338
338 339
338 340
337 341
341 342
342 343
341 344
337 345
345 346
337 347
347 348
348 349
349 350
348 351
351 352
352 353
353 354
352 355
355 356
324 357
357 358
358 359
359 360
358 361
361 362
285 363
363 364
364 365
363 366
366 367
280 368
368 369
369 370
370 371
369 372
372 373
373 374
374 375
375 376
376 377
375 378
378 379
379 380
378 381
369 382
382 383
382 384
384 385
385 386
386 387
385 388
388 389
369 390
390 391
391 392
391 393
390 394
394 395
395 396
394 397
390 398
398 399
390 400
400 401
401 402
402 403
403 404
402 405
405 406
401 407
369 408
408 409
409 410
410 411
409 412
408 413
413 414
414 415
415 416
416 417
415 418
418 419
414 420
413 421
421 422
422 423
422 424
421 425
425 426
426 427
425 428
421 429
429 430
421 431
431 432
432 433
433 434
432 435
435 436
436 437
437 438
436 439
439 440
408 441
441 442
442 443
443 444
442 445
445 446
369 447
447 448
448 449
447 450
450 451
1 452
452 453
453 454
454 455
455 456
453 457
457 458
458 459
