1 2
2 3
3 4
4 5
3 6
6 7
6 8
8 9
3 10
10 11
10 12
3 13
13 14
14 15
13 16
16 17
17 18
18 19
19 20
20 21
19 22
22 23
23 24
22 25
13 26
26 27
26 28
28 29
29 30
30 31
29 32
32 33
13 34
34 35
35 36
35 37
34 38
38 39
39 40
38 41
34 42
42 43
34 44
44 45
45 46
46 47
47 48
46 49
49 50
45 51
13 52
52 53
53 54
54 55
53 56
52 57
57 58
58 59
59 60
60 61
59 62
62 63
58 64
57 65
65 66
66 67
66 68
65 69
69 70
70 71
69 72
65 73
73 74
65 75
75 76
76 77
77 78
76 79
79 80
80 81
81 82
80 83
83 84
52 85
85 86
86 87
87 88
86 89
89 90
13 91
91 92
92 93
91 94
94 95
1 96
96 97
97 98
98 99
97 100
100 101
100 102
102 103
97 104
104 105
104 106
97 107
107 108
108 109
107 110
110 111
111 112
112 113
113 114
114 115
113 116
116 117
117 118
116 119
107 120
120 121
120 122
122 123
123 124
124 125
123 126
126 127
107 128
128 129
129 130
129 131
128 132
132 133
133 134
132 135
128 136
136 137
128 138
138 139
139 140
140 141
141 142
140 143
143 144
139 145
107 146
146 147
147 148
148 149
149 150
148 151
147 152
152 153
153 154
152 155
155 156
146 157
157 158
158 159
159 160
160 161
159 162
162 163
158 164
157 165
165 166
166 167
166 168
165 169
169 170
170 171
169 172
165 173
173 174
165 175
175 176
176 177
177 178
176 179
179 180
180 181
181 182
180 183
183 184
146 185
185 186
186 187
187 188
186 189
189 190
107 191
191 192
192 193
191 194
194 195
1 196
196 197
197 198
198 199
199 200
197 201
201 202
202 203
