1 2
2 3
3 4
4 5
5 6
4 7
7 8
8 9
4 10
10 11
10 12
12 13
4 14
14 15
14 16
4 17
17 18
18 19
19 20
20 21
17 22
22 23
23 24
22 25
25 26
22 27
27 28
27 29
22 30
30 31
31 32
31 33
30 34
34 35
35 36
34 37
30 38
38 39
30 40
40 41
41 42
42 43
43 44
42 45
45 46
41 47
22 48
48 49
49 50
50 51
49 52
48 53
53 54
54 55
55 56
56 57
55 58
58 59
54 60
53 61
61 62
62 63
62 64
61 65
65 66
66 67
65 68
61 69
69 70
61 71
48 72
2 73
73 74
74 75
75 76
74 77
77 78
78 79
74 80
80 81
80 82
82 83
74 84
84 85
85 86
86 87
87 88
88 89
89 90
90 91
89 92
92 93
93 94
88 95
95 96
86 97
84 98
98 99
98 100
98 101
74 102
102 103
103 104
104 105
105 106
102 107
107 108
108 109
107 110
110 111
107 112
112 113
112 114
107 115
115 116
116 117
116 118
115 119
119 120
120 121
119 122
115 123
123 124
115 125
125 126
126 127
127 128
128 129
127 130
130 131
126 132
107 133
133 134
134 135
135 136
136 137
135 138
134 139
139 140
140 141
139 142
142 143
133 144
144 145
145 146
146 147
147 148
146 149
149 150
145 151
144 152
152 153
153 154
153 155
152 156
156 157
157 158
156 159
152 160
160 161
152 162
133 163
2 164
164 165
165 166
166 167
167 168
165 169
169 170
170 171
