1 2
2 3
3 4
4 5
1 6
6 7
7 8
8 9
1 10
10 11
11 12
12 13
11 14
14 15
14 16
16 17
11 18
18 19
19 20
20 21
18 22
22 23
23 24
24 25
25 26
26 27
27 28
28 29
29 30
28 31
31 32
32 33
27 34
34 35
25 36
23 37
37 38
37 39
39 40
40 41
40 42
42 43
43 44
42 45
45 46
37 47
47 48
48 49
49 50
48 51
51 52
11 53
53 54
54 55
55 56
53 57
57 58
58 59
59 60
58 61
61 62
53 63
63 64
64 65
65 66
64 67
67 68
68 69
69 70
70 71
71 72
70 73
73 74
74 75
73 76
64 77
77 78
77 79
79 80
80 81
81 82
80 83
83 84
64 85
85 86
86 87
86 88
85 89
89 90
90 91
89 92
85 93
93 94
85 95
95 96
96 97
97 98
98 99
97 100
100 101
96 102
64 103
103 104
104 105
105 106
106 107
105 108
104 109
109 110
110 111
109 112
112 113
103 114
114 115
115 116
116 117
117 118
116 119
119 120
115 121
114 122
122 123
123 124
123 125
122 126
126 127
127 128
126 129
122 130
130 131
122 132
132 133
133 134
134 135
133 136
136 137
137 138
138 139
137 140
140 141
103 142
142 143
143 144
144 145
143 146
146 147
64 148
148 149
149 150
148 151
151 152
1 153
153 154
154 155
155 156
154 157
157 158
157 159
159 160
154 161
161 162
162 163
163 164
161 165
165 166
166 167
167 168
168 169
169 170
170 171
171 172
172 173
171 174
174 175
175 176
170 177
177 178
168 179
166 180
180 181
180 182
182 183
183 184
183 185
185 186
186 187
185 188
188 189
180 190
190 191
191 192
192 193
191 194
194 195
154 196
196 197
197 198
198 199
196 200
200 201
201 202
202 203
201 204
204 205
205 206
206 207
207 208
208 209
207 210
210 211
211 212
210 213
201 214
214 215
214 216
216 217
217 218
218 219
217 220
220 221
201 222
222 223
223 224
223 225
222 226
226 227
227 228
226 229
222 230
230 231
222 232
232 233
233 234
234 235
235 236
234 237
237 238
233 239
201 240
240 241
241 242
242 243
243 244
242 245
241 246
246 247
247 248
246 249
249 250
240 251
251 252
252 253
253 254
254 255
253 256
256 257
252 258
251 259
259 260
260 261
260 262
259 263
263 264
264 265
263 266
259 267
267 268
259 269
269 270
270 271
271 272
270 273
273 274
274 275
275 276
274 277
277 278
240 279
279 280
280 281
281 282
280 283
283 284
201 285
285 286
286 287
285 288
288 289
1 290
290 291
291 292
292 293
291 294
294 295
294 296
296 297
291 298
298 299
299 300
300 301
298 302
302 303
303 304
304 305
303 306
306 307
298 308
308 309
309 310
309 311
291 312
312 313
313 314
314 315
312 316
316 317
317 318
318 319
317 320
320 321
321 322
322 323
323 324
324 325
323 326
326 327
327 328
326 329
317 330
330 331
330 332
332 333
333 334
334 335
333 336
336 337
317 338
338 339
339 340
339 341
338 342
342 343
343 344
342 345
338 346
346 347
338 348
348 349
349 350
350 351
351 352
350 353
353 354
349 355
317 356
356 357
357 358
358 359
357 360
356 361
361 362
362 363
363 364
364 365
363 366
366 367
362 368
361 369
369 370
370 371
370 372
369 373
373 374
374 375
373 376
369 377
377 378
369 379
379 380
380 381
381 382
380 383
383 384
384 385
385 386
384 387
387 388
356 389
389 390
390 391
391 392
390 393
393 394
317 395
395 396
396 397
395 398
398 399
1 400
400 401
401 402
402 403
401 404
404 405
404 406
406 407
401 408
408 409
409 410
410 411
408 412
412 413
413 414
413 415
401 416
416 417
417 418
418 419
416 420
420 421
421 422
422 423
421 424
424 425
425 426
426 427
427 428
428 429
427 430
430 431
431 432
430 433
421 434
434 435
434 436
436 437
437 438
438 439
437 440
440 441
421 442
442 443
443 444
443 445
442 446
446 447
447 448
446 449
442 450
450 451
442 452
452 453
453 454
454 455
455 456
454 457
457 458
453 459
421 460
460 461
461 462
462 463
461 464
460 465
465 466
466 467
467 468
468 469
467 470
470 471
466 472
465 473
473 474
474 475
474 476
473 477
477 478
478 479
477 480
473 481
481 482
473 483
483 484
484 485
485 486
484 487
487 488
488 489
489 490
488 491
491 492
460 493
493 494
494 495
495 496
494 497
497 498
421 499
499 500
500 501
499 502
502 503
1 504
504 505
505 506
506 507
507 508
505 509
509 510
510 511
505 512
512 513
513 514
505 515
515 516
516 517
