1 2
2 3
3 4
4 5
3 6
6 7
6 8
8 9
3 10
10 11
10 12
12 13
13 14
13 15
15 16
16 17
17 18
18 19
19 20
20 21
21 22
20 23
23 24
24 25
19 26
26 27
17 28
15 29
29 30
29 31
31 32
32 33
32 34
34 35
35 36
34 37
37 38
29 39
39 40
40 41
41 42
40 43
43 44
12 45
12 46
46 47
47 48
48 49
47 50
50 51
12 52
3 53
53 54
53 55
55 56
56 57
56 58
58 59
59 60
58 61
61 62
55 63
55 64
64 65
65 66
66 67
65 68
68 69
69 70
70 71
71 72
72 73
71 74
74 75
75 76
74 77
65 78
78 79
78 80
80 81
81 82
82 83
81 84
84 85
65 86
86 87
87 88
87 89
86 90
90 91
91 92
90 93
86 94
94 95
86 96
96 97
97 98
98 99
99 100
98 101
101 102
97 103
65 104
104 105
105 106
106 107
107 108
106 109
105 110
110 111
111 112
110 113
113 114
104 115
115 116
116 117
117 118
118 119
117 120
120 121
116 122
115 123
123 124
124 125
124 126
123 127
127 128
128 129
127 130
123 131
131 132
123 133
133 134
134 135
135 136
134 137
137 138
138 139
139 140
138 141
141 142
104 143
143 144
144 145
145 146
144 147
147 148
65 149
149 150
150 151
149 152
152 153
55 154
1 155
155 156
156 157
157 158
156 159
159 160
159 161
161 162
156 163
163 164
163 165
165 166
166 167
166 168
168 169
169 170
170 171
171 172
172 173
173 174
174 175
173 176
176 177
177 178
172 179
179 180
170 181
168 182
182 183
182 184
184 185
185 186
185 187
187 188
188 189
187 190
190 191
182 192
192 193
193 194
194 195
193 196
196 197
165 198
165 199
199 200
200 201
201 202
200 203
203 204
165 205
156 206
206 207
206 208
208 209
209 210
209 211
211 212
212 213
211 214
214 215
215 216
216 217
217 218
218 219
217 220
220 221
221 222
220 223
211 224
224 225
224 226
226 227
227 228
228 229
227 230
230 231
211 232
232 233
233 234
233 235
232 236
236 237
237 238
236 239
232 240
240 241
232 242
242 243
243 244
244 245
245 246
244 247
247 248
243 249
211 250
250 251
251 252
252 253
253 254
252 255
251 256
256 257
257 258
256 259
259 260
250 261
261 262
262 263
263 264
264 265
263 266
266 267
262 268
261 269
269 270
270 271
270 272
269 273
273 274
274 275
273 276
269 277
277 278
269 279
279 280
280 281
281 282
280 283
283 284
284 285
285 286
284 287
287 288
250 289
289 290
290 291
291 292
290 293
293 294
211 295
295 296
296 297
295 298
298 299
208 300
208 301
301 302
302 303
303 304
302 305
305 306
208 307
1 308
308 309
309 310
310 311
309 312
312 313
312 314
314 315
309 316
316 317
316 318
318 319
319 320
319 321
321 322
322 323
321 324
324 325
318 326
318 327
327 328
328 329
328 330
318 331
309 332
332 333
332 334
334 335
335 336
335 337
337 338
338 339
337 340
340 341
341 342
342 343
343 344
344 345
343 346
346 347
347 348
346 349
337 350
350 351
350 352
352 353
353 354
354 355
353 356
356 357
337 358
358 359
359 360
359 361
358 362
362 363
363 364
362 365
358 366
366 367
358 368
368 369
369 370
370 371
371 372
370 373
373 374
369 375
337 376
376 377
377 378
378 379
377 380
376 381
381 382
382 383
383 384
384 385
383 386
386 387
382 388
381 389
389 390
390 391
390 392
389 393
393 394
394 395
393 396
389 397
397 398
389 399
399 400
400 401
401 402
400 403
403 404
404 405
405 406
404 407
407 408
376 409
409 410
410 411
411 412
410 413
413 414
337 415
415 416
416 417
415 418
418 419
334 420
334 421
421 422
422 423
423 424
422 425
425 426
334 427
1 428
428 429
429 430
430 431
429 432
432 433
432 434
434 435
429 436
436 437
436 438
438 439
439 440
439 441
441 442
441 443
438 444
438 445
445 446
446 447
447 448
446 449
449 450
438 451
429 452
452 453
452 454
454 455
455 456
455 457
457 458
458 459
457 460
460 461
461 462
462 463
463 464
464 465
463 466
466 467
467 468
466 469
457 470
470 471
470 472
472 473
473 474
474 475
473 476
476 477
457 478
478 479
479 480
479 481
478 482
482 483
483 484
482 485
478 486
486 487
478 488
488 489
489 490
490 491
491 492
490 493
493 494
489 495
457 496
496 497
497 498
498 499
497 500
496 501
501 502
502 503
503 504
504 505
503 506
506 507
502 508
501 509
509 510
510 511
510 512
509 513
513 514
514 515
513 516
509 517
517 518
509 519
519 520
520 521
521 522
520 523
523 524
524 525
525 526
524 527
527 528
496 529
529 530
530 531
531 532
530 533
533 534
457 535
535 536
536 537
535 538
538 539
454 540
454 541
541 542
542 543
543 544
542 545
545 546
454 547
1 548
548 549
549 550
550 551
551 552
549 553
553 554
554 555
549 556
556 557
557 558
549 559
559 560
560 561
