1 2
2 3
1 4
4 5
5 6
6 7
5 8
8 9
8 10
10 11
5 12
12 13
13 14
14 15
13 16
12 17
17 18
18 19
19 20
20 21
21 22
22 23
23 24
24 25
23 26
26 27
27 28
22 29
29 30
20 31
18 32
32 33
32 34
34 35
35 36
35 37
37 38
38 39
37 40
40 41
32 42
42 43
43 44
44 45
43 46
46 47
5 48
48 49
49 50
50 51
49 52
48 53
53 54
54 55
55 56
54 57
57 58
48 59
59 60
60 61
61 62
60 63
63 64
64 65
65 66
66 67
67 68
66 69
69 70
70 71
69 72
60 73
73 74
73 75
75 76
76 77
77 78
76 79
79 80
60 81
81 82
82 83
82 84
81 85
85 86
86 87
85 88
81 89
89 90
81 91
91 92
92 93
93 94
94 95
93 96
96 97
92 98
60 99
99 100
100 101
101 102
102 103
101 104
100 105
105 106
106 107
105 108
108 109
99 110
110 111
111 112
112 113
113 114
112 115
115 116
111 117
110 118
118 119
119 120
119 121
118 122
122 123
123 124
122 125
118 126
126 127
118 128
128 129
129 130
130 131
129 132
132 133
133 134
134 135
133 136
136 137
99 138
138 139
139 140
140 141
139 142
142 143
60 144
144 145
145 146
144 147
147 148
1 149
149 150
150 151
151 152
150 153
153 154
153 155
155 156
150 157
157 158
158 159
159 160
158 161
157 162
162 163
163 164
164 165
165 166
166 167
167 168
168 169
169 170
168 171
171 172
172 173
167 174
174 175
165 176
163 177
177 178
177 179
179 180
180 181
180 182
182 183
183 184
182 185
185 186
177 187
187 188
188 189
189 190
188 191
191 192
150 193
193 194
194 195
195 196
194 197
193 198
198 199
199 200
200 201
199 202
202 203
203 204
204 205
205 206
206 207
205 208
208 209
209 210
208 211
199 212
212 213
212 214
214 215
215 216
216 217
215 218
218 219
199 220
220 221
221 222
221 223
220 224
224 225
225 226
224 227
220 228
228 229
220 230
230 231
231 232
232 233
233 234
232 235
235 236
231 237
199 238
238 239
239 240
240 241
241 242
240 243
239 244
244 245
245 246
244 247
247 248
238 249
249 250
250 251
251 252
252 253
251 254
254 255
250 256
249 257
257 258
258 259
258 260
257 261
261 262
262 263
261 264
257 265
265 266
257 267
267 268
268 269
269 270
268 271
271 272
272 273
273 274
272 275
275 276
238 277
277 278
278 279
279 280
278 281
281 282
199 283
283 284
284 285
283 286
286 287
1 288
288 289
289 290
290 291
289 292
292 293
292 294
294 295
289 296
296 297
297 298
298 299
297 300
296 301
301 302
302 303
303 304
302 305
305 306
296 307
307 308
308 309
308 310
289 311
311 312
312 313
313 314
312 315
311 316
316 317
317 318
318 319
317 320
320 321
321 322
322 323
323 324
324 325
323 326
326 327
327 328
326 329
317 330
330 331
330 332
332 333
333 334
334 335
333 336
336 337
317 338
338 339
339 340
339 341
338 342
342 343
343 344
342 345
338 346
346 347
338 348
348 349
349 350
350 351
351 352
350 353
353 354
349 355
317 356
356 357
357 358
358 359
357 360
356 361
361 362
362 363
363 364
364 365
363 366
366 367
362 368
361 369
369 370
370 371
370 372
369 373
373 374
374 375
373 376
369 377
377 378
369 379
379 380
380 381
381 382
380 383
383 384
384 385
385 386
384 387
387 388
356 389
389 390
390 391
391 392
390 393
393 394
317 395
395 396
396 397
395 398
398 399
1 400
400 401
401 402
402 403
401 404
404 405
404 406
406 407
401 408
408 409
409 410
410 411
409 412
408 413
413 414
414 415
414 416
401 417
417 418
418 419
419 420
418 421
417 422
422 423
423 424
424 425
423 426
426 427
427 428
428 429
429 430
430 431
429 432
432 433
433 434
432 435
423 436
436 437
436 438
438 439
439 440
440 441
439 442
442 443
423 444
444 445
445 446
445 447
444 448
448 449
449 450
448 451
444 452
452 453
444 454
454 455
455 456
456 457
457 458
456 459
459 460
455 461
423 462
462 463
463 464
464 465
463 466
462 467
467 468
468 469
469 470
470 471
469 472
472 473
468 474
467 475
475 476
476 477
476 478
475 479
479 480
480 481
479 482
475 483
483 484
475 485
485 486
486 487
487 488
486 489
489 490
490 491
491 492
490 493
493 494
462 495
495 496
496 497
497 498
496 499
499 500
423 501
501 502
502 503
501 504
504 505
1 506
506 507
507 508
508 509
509 510
507 511
511 512
512 513
507 514
514 515
515 516
507 517
517 518
518 519
