1 2
2 3
3 4
4 5
3 6
6 7
6 8
8 9
3 10
10 11
11 12
11 13
10 14
3 15
15 16
16 17
16 18
15 19
19 20
20 21
21 22
20 23
23 24
15 25
25 26
26 27
27 28
26 29
29 30
30 31
31 32
32 33
33 34
32 35
35 36
36 37
35 38
26 39
39 40
39 41
41 42
42 43
43 44
42 45
45 46
26 47
47 48
48 49
48 50
47 51
51 52
52 53
51 54
47 55
55 56
47 57
57 58
58 59
59 60
60 61
59 62
62 63
58 64
26 65
65 66
66 67
67 68
68 69
67 70
66 71
71 72
72 73
71 74
74 75
65 76
76 77
77 78
78 79
79 80
78 81
81 82
77 83
76 84
84 85
85 86
85 87
84 88
88 89
89 90
88 91
84 92
92 93
84 94
94 95
95 96
96 97
95 98
98 99
99 100
100 101
99 102
102 103
65 104
104 105
105 106
106 107
105 108
108 109
26 110
110 111
111 112
110 113
113 114
1 115
115 116
116 117
117 118
116 119
119 120
119 121
121 122
116 123
123 124
124 125
124 126
123 127
116 128
128 129
129 130
129 131
128 132
132 133
133 134
134 135
133 136
136 137
137 138
138 139
139 140
140 141
139 142
142 143
143 144
142 145
133 146
146 147
146 148
148 149
149 150
150 151
149 152
152 153
133 154
154 155
155 156
155 157
154 158
158 159
159 160
158 161
154 162
162 163
154 164
164 165
165 166
166 167
167 168
166 169
169 170
165 171
133 172
172 173
173 174
174 175
175 176
174 177
173 178
178 179
179 180
178 181
181 182
172 183
183 184
184 185
185 186
186 187
185 188
188 189
184 190
183 191
191 192
192 193
192 194
191 195
195 196
196 197
195 198
191 199
199 200
191 201
201 202
202 203
203 204
202 205
205 206
206 207
207 208
206 209
209 210
172 211
211 212
212 213
213 214
212 215
215 216
133 217
217 218
218 219
217 220
220 221
1 222
222 223
223 224
224 225
223 226
226 227
226 228
228 229
223 230
230 231
231 232
231 233
230 234
234 235
235 236
236 237
235 238
238 239
230 240
240 241
241 242
241 243
223 244
244 245
245 246
245 247
244 248
248 249
249 250
250 251
249 252
252 253
253 254
254 255
255 256
256 257
255 258
258 259
259 260
258 261
249 262
262 263
262 264
264 265
265 266
266 267
265 268
268 269
249 270
270 271
271 272
271 273
270 274
274 275
275 276
274 277
270 278
278 279
270 280
280 281
281 282
282 283
283 284
282 285
285 286
281 287
249 288
288 289
289 290
290 291
289 292
288 293
293 294
294 295
295 296
296 297
295 298
298 299
294 300
293 301
301 302
302 303
302 304
301 305
305 306
306 307
305 308
301 309
309 310
301 311
311 312
312 313
313 314
312 315
315 316
316 317
317 318
316 319
319 320
288 321
321 322
322 323
323 324
322 325
325 326
249 327
327 328
328 329
327 330
330 331
1 332
332 333
333 334
334 335
333 336
336 337
336 338
338 339
333 340
340 341
341 342
341 343
340 344
344 345
345 346
345 347
333 348
348 349
349 350
349 351
348 352
352 353
353 354
354 355
353 356
356 357
357 358
358 359
359 360
360 361
359 362
362 363
363 364
362 365
353 366
366 367
366 368
368 369
369 370
370 371
369 372
372 373
353 374
374 375
375 376
375 377
374 378
378 379
379 380
378 381
374 382
382 383
374 384
384 385
385 386
386 387
387 388
386 389
389 390
385 391
353 392
392 393
393 394
394 395
393 396
392 397
397 398
398 399
399 400
400 401
399 402
402 403
398 404
397 405
405 406
406 407
406 408
405 409
409 410
410 411
409 412
405 413
413 414
405 415
415 416
416 417
417 418
416 419
419 420
420 421
421 422
420 423
423 424
392 425
425 426
426 427
427 428
426 429
429 430
353 431
431 432
432 433
431 434
434 435
1 436
436 437
437 438
438 439
439 440
437 441
441 442
442 443
437 444
444 445
445 446
437 447
447 448
448 449
