1 2
2 3
3 4
4 5
1 6
6 7
7 8
8 9
1 10
10 11
11 12
12 13
11 14
14 15
14 16
16 17
11 18
18 19
19 20
20 21
18 22
22 23
23 24
23 25
11 26
26 27
27 28
28 29
26 30
30 31
31 32
32 33
31 34
34 35
26 36
36 37
37 38
38 39
37 40
40 41
41 42
42 43
43 44
44 45
43 46
46 47
47 48
46 49
37 50
50 51
50 52
52 53
53 54
54 55
53 56
56 57
37 58
58 59
59 60
59 61
58 62
62 63
63 64
62 65
58 66
66 67
58 68
68 69
69 70
70 71
71 72
70 73
73 74
69 75
37 76
76 77
77 78
78 79
79 80
78 81
77 82
82 83
83 84
82 85
85 86
76 87
87 88
88 89
89 90
90 91
89 92
92 93
88 94
87 95
95 96
96 97
96 98
95 99
99 100
100 101
99 102
95 103
103 104
95 105
105 106
106 107
107 108
106 109
109 110
110 111
111 112
110 113
113 114
76 115
115 116
116 117
117 118
116 119
119 120
37 121
121 122
122 123
121 124
124 125
1 126
126 127
127 128
128 129
127 130
130 131
130 132
132 133
127 134
134 135
135 136
136 137
134 138
138 139
139 140
139 141
127 142
142 143
143 144
144 145
142 146
146 147
147 148
148 149
147 150
150 151
151 152
152 153
153 154
154 155
153 156
156 157
157 158
156 159
147 160
160 161
160 162
162 163
163 164
164 165
163 166
166 167
147 168
168 169
169 170
169 171
168 172
172 173
173 174
172 175
168 176
176 177
168 178
178 179
179 180
180 181
181 182
180 183
183 184
179 185
147 186
186 187
187 188
188 189
189 190
188 191
187 192
192 193
193 194
192 195
195 196
186 197
197 198
198 199
199 200
200 201
199 202
202 203
198 204
197 205
205 206
206 207
206 208
205 209
209 210
210 211
209 212
205 213
213 214
205 215
215 216
216 217
217 218
216 219
219 220
220 221
221 222
220 223
223 224
186 225
225 226
226 227
227 228
226 229
229 230
147 231
231 232
232 233
231 234
234 235
1 236
236 237
237 238
238 239
237 240
240 241
240 242
242 243
237 244
244 245
245 246
246 247
244 248
248 249
249 250
250 251
249 252
252 253
244 254
254 255
255 256
255 257
237 258
258 259
259 260
260 261
258 262
262 263
263 264
264 265
263 266
266 267
267 268
268 269
269 270
270 271
269 272
272 273
273 274
272 275
263 276
276 277
276 278
278 279
279 280
280 281
279 282
282 283
263 284
284 285
285 286
285 287
284 288
288 289
289 290
288 291
284 292
292 293
284 294
294 295
295 296
296 297
297 298
296 299
299 300
295 301
263 302
302 303
303 304
304 305
303 306
302 307
307 308
308 309
309 310
310 311
309 312
312 313
308 314
307 315
315 316
316 317
316 318
315 319
319 320
320 321
319 322
315 323
323 324
315 325
325 326
326 327
327 328
326 329
329 330
330 331
331 332
330 333
333 334
302 335
335 336
336 337
337 338
336 339
339 340
263 341
341 342
342 343
341 344
344 345
1 346
346 347
347 348
348 349
347 350
350 351
350 352
352 353
347 354
354 355
355 356
356 357
354 358
358 359
359 360
359 361
347 362
362 363
363 364
364 365
362 366
366 367
367 368
368 369
367 370
370 371
371 372
372 373
373 374
374 375
373 376
376 377
377 378
376 379
367 380
380 381
380 382
382 383
383 384
384 385
383 386
386 387
367 388
388 389
389 390
389 391
388 392
392 393
393 394
392 395
388 396
396 397
388 398
398 399
399 400
400 401
401 402
400 403
403 404
399 405
367 406
406 407
407 408
408 409
407 410
406 411
411 412
412 413
413 414
414 415
413 416
416 417
412 418
411 419
419 420
420 421
420 422
419 423
423 424
424 425
423 426
419 427
427 428
419 429
429 430
430 431
431 432
430 433
433 434
434 435
435 436
434 437
437 438
406 439
439 440
440 441
441 442
440 443
443 444
367 445
445 446
446 447
445 448
448 449
1 450
450 451
451 452
452 453
453 454
451 455
455 456
456 457
451 458
458 459
459 460
451 461
461 462
462 463
