1 2
2 3
3 4
4 5
3 6
6 7
6 8
8 9
3 10
10 11
10 12
12 13
3 14
14 15
14 16
16 17
17 18
18 19
17 20
20 21
21 22
22 23
23 24
24 25
23 26
26 27
27 28
26 29
17 30
30 31
30 32
32 33
33 34
34 35
33 36
36 37
17 38
38 39
39 40
39 41
38 42
42 43
43 44
42 45
38 46
46 47
38 48
48 49
49 50
50 51
51 52
50 53
53 54
49 55
17 56
56 57
57 58
58 59
59 60
58 61
57 62
62 63
63 64
62 65
65 66
56 67
67 68
68 69
69 70
70 71
69 72
72 73
68 74
67 75
75 76
76 77
76 78
75 79
79 80
80 81
79 82
75 83
83 84
75 85
85 86
86 87
87 88
86 89
89 90
90 91
91 92
90 93
93 94
56 95
95 96
96 97
97 98
96 99
99 100
17 101
101 102
102 103
101 104
104 105
16 106
1 107
107 108
108 109
109 110
108 111
111 112
111 113
113 114
108 115
115 116
115 117
117 118
118 119
118 120
117 121
108 122
122 123
122 124
124 125
125 126
126 127
125 128
128 129
129 130
130 131
131 132
132 133
131 134
134 135
135 136
134 137
125 138
138 139
138 140
140 141
141 142
142 143
141 144
144 145
125 146
146 147
147 148
147 149
146 150
150 151
151 152
150 153
146 154
154 155
146 156
156 157
157 158
158 159
159 160
158 161
161 162
157 163
125 164
164 165
165 166
166 167
165 168
164 169
169 170
170 171
171 172
172 173
171 174
174 175
170 176
169 177
177 178
178 179
178 180
177 181
181 182
182 183
181 184
177 185
185 186
177 187
187 188
188 189
189 190
188 191
191 192
192 193
193 194
192 195
195 196
164 197
197 198
198 199
199 200
198 201
201 202
125 203
203 204
204 205
203 206
206 207
124 208
1 209
209 210
210 211
211 212
212 213
210 214
214 215
215 216
