1 2
2 3
3 4
4 5
3 6
6 7
6 8
8 9
3 10
10 11
11 12
11 13
10 14
14 15
15 16
16 17
17 18
18 19
19 20
20 21
21 22
20 23
23 24
24 25
19 26
26 27
17 28
15 29
29 30
29 31
31 32
32 33
32 34
34 35
35 36
34 37
37 38
29 39
39 40
40 41
41 42
40 43
43 44
3 45
45 46
46 47
46 48
45 49
49 50
50 51
51 52
50 53
53 54
45 55
55 56
56 57
57 58
56 59
59 60
60 61
61 62
62 63
63 64
62 65
65 66
66 67
65 68
56 69
69 70
69 71
71 72
72 73
73 74
72 75
75 76
56 77
77 78
78 79
78 80
77 81
81 82
82 83
81 84
77 85
85 86
77 87
87 88
88 89
89 90
90 91
89 92
92 93
88 94
56 95
95 96
96 97
97 98
98 99
97 100
96 101
101 102
102 103
101 104
104 105
95 106
106 107
107 108
108 109
109 110
108 111
111 112
107 113
106 114
114 115
115 116
115 117
114 118
118 119
119 120
118 121
114 122
122 123
114 124
124 125
125 126
126 127
125 128
128 129
129 130
130 131
129 132
132 133
95 134
134 135
135 136
136 137
135 138
138 139
56 140
140 141
141 142
140 143
143 144
1 145
145 146
146 147
147 148
146 149
149 150
149 151
151 152
146 153
153 154
154 155
154 156
153 157
157 158
158 159
159 160
160 161
161 162
162 163
163 164
164 165
163 166
166 167
167 168
162 169
169 170
160 171
158 172
172 173
172 174
174 175
175 176
175 177
177 178
178 179
177 180
180 181
172 182
182 183
183 184
184 185
183 186
186 187
146 188
188 189
189 190
189 191
188 192
192 193
193 194
194 195
193 196
196 197
197 198
198 199
199 200
200 201
199 202
202 203
203 204
202 205
193 206
206 207
206 208
208 209
209 210
210 211
209 212
212 213
193 214
214 215
215 216
215 217
214 218
218 219
219 220
218 221
214 222
222 223
214 224
224 225
225 226
226 227
227 228
226 229
229 230
225 231
193 232
232 233
233 234
234 235
235 236
234 237
233 238
238 239
239 240
238 241
241 242
232 243
243 244
244 245
245 246
246 247
245 248
248 249
244 250
243 251
251 252
252 253
252 254
251 255
255 256
256 257
255 258
251 259
259 260
251 261
261 262
262 263
263 264
262 265
265 266
266 267
267 268
266 269
269 270
232 271
271 272
272 273
273 274
272 275
275 276
193 277
277 278
278 279
277 280
280 281
1 282
282 283
283 284
284 285
283 286
286 287
286 288
288 289
283 290
290 291
291 292
291 293
290 294
294 295
295 296
296 297
295 298
298 299
290 300
300 301
301 302
301 303
283 304
304 305
305 306
305 307
304 308
308 309
309 310
310 311
309 312
312 313
313 314
314 315
315 316
316 317
315 318
318 319
319 320
318 321
309 322
322 323
322 324
324 325
325 326
326 327
325 328
328 329
309 330
330 331
331 332
331 333
330 334
334 335
335 336
334 337
330 338
338 339
330 340
340 341
341 342
342 343
343 344
342 345
345 346
341 347
309 348
348 349
349 350
350 351
349 352
348 353
353 354
354 355
355 356
356 357
355 358
358 359
354 360
353 361
361 362
362 363
362 364
361 365
365 366
366 367
365 368
361 369
369 370
361 371
371 372
372 373
373 374
372 375
375 376
376 377
377 378
376 379
379 380
348 381
381 382
382 383
383 384
382 385
385 386
309 387
387 388
388 389
387 390
390 391
1 392
392 393
393 394
394 395
393 396
396 397
396 398
398 399
393 400
400 401
401 402
401 403
400 404
404 405
405 406
405 407
393 408
408 409
409 410
409 411
408 412
412 413
413 414
414 415
413 416
416 417
417 418
418 419
419 420
420 421
419 422
422 423
423 424
422 425
413 426
426 427
426 428
428 429
429 430
430 431
429 432
432 433
413 434
434 435
435 436
435 437
434 438
438 439
439 440
438 441
434 442
442 443
434 444
444 445
445 446
446 447
447 448
446 449
449 450
445 451
413 452
452 453
453 454
454 455
453 456
452 457
457 458
458 459
459 460
460 461
459 462
462 463
458 464
457 465
465 466
466 467
466 468
465 469
469 470
470 471
469 472
465 473
473 474
465 475
475 476
476 477
477 478
476 479
479 480
480 481
481 482
480 483
483 484
452 485
485 486
486 487
487 488
486 489
489 490
413 491
491 492
492 493
491 494
494 495
1 496
496 497
497 498
498 499
499 500
497 501
501 502
502 503
497 504
504 505
505 506
497 507
507 508
508 509
