1 2
2 3
1 4
4 5
5 6
6 7
5 8
8 9
8 10
10 11
5 12
12 13
13 14
14 15
13 16
12 17
17 18
18 19
18 20
5 21
21 22
22 23
23 24
22 25
21 26
26 27
27 28
28 29
27 30
30 31
21 32
32 33
33 34
34 35
33 36
36 37
37 38
38 39
39 40
40 41
39 42
42 43
43 44
42 45
33 46
46 47
46 48
48 49
49 50
50 51
49 52
52 53
33 54
54 55
55 56
55 57
54 58
58 59
59 60
58 61
54 62
62 63
54 64
64 65
65 66
66 67
67 68
66 69
69 70
65 71
33 72
72 73
73 74
74 75
75 76
74 77
73 78
78 79
79 80
78 81
81 82
72 83
83 84
84 85
85 86
86 87
85 88
88 89
84 90
83 91
91 92
92 93
92 94
91 95
95 96
96 97
95 98
91 99
99 100
91 101
101 102
102 103
103 104
102 105
105 106
106 107
107 108
106 109
109 110
72 111
111 112
112 113
113 114
112 115
115 116
33 117
117 118
118 119
117 120
120 121
1 122
122 123
123 124
124 125
123 126
126 127
126 128
128 129
123 130
130 131
131 132
132 133
131 134
130 135
135 136
136 137
136 138
123 139
139 140
140 141
141 142
140 143
139 144
144 145
145 146
146 147
145 148
148 149
149 150
150 151
151 152
152 153
151 154
154 155
155 156
154 157
145 158
158 159
158 160
160 161
161 162
162 163
161 164
164 165
145 166
166 167
167 168
167 169
166 170
170 171
171 172
170 173
166 174
174 175
166 176
176 177
177 178
178 179
179 180
178 181
181 182
177 183
145 184
184 185
185 186
186 187
187 188
186 189
185 190
190 191
191 192
190 193
193 194
184 195
195 196
196 197
197 198
198 199
197 200
200 201
196 202
195 203
203 204
204 205
204 206
203 207
207 208
208 209
207 210
203 211
211 212
203 213
213 214
214 215
215 216
214 217
217 218
218 219
219 220
218 221
221 222
184 223
223 224
224 225
225 226
224 227
227 228
145 229
229 230
230 231
229 232
232 233
1 234
234 235
235 236
236 237
235 238
238 239
238 240
240 241
235 242
242 243
243 244
244 245
243 246
242 247
247 248
248 249
249 250
248 251
251 252
242 253
253 254
254 255
254 256
235 257
257 258
258 259
259 260
258 261
257 262
262 263
263 264
264 265
263 266
266 267
267 268
268 269
269 270
270 271
269 272
272 273
273 274
272 275
263 276
276 277
276 278
278 279
279 280
280 281
279 282
282 283
263 284
284 285
285 286
285 287
284 288
288 289
289 290
288 291
284 292
292 293
284 294
294 295
295 296
296 297
297 298
296 299
299 300
295 301
263 302
302 303
303 304
304 305
303 306
302 307
307 308
308 309
309 310
310 311
309 312
312 313
308 314
307 315
315 316
316 317
316 318
315 319
319 320
320 321
319 322
315 323
323 324
315 325
325 326
326 327
327 328
326 329
329 330
330 331
331 332
330 333
333 334
302 335
335 336
336 337
337 338
336 339
339 340
263 341
341 342
342 343
341 344
344 345
1 346
346 347
347 348
348 349
347 350
350 351
350 352
352 353
347 354
354 355
355 356
356 357
355 358
354 359
359 360
360 361
360 362
347 363
363 364
364 365
365 366
364 367
363 368
368 369
369 370
370 371
369 372
372 373
373 374
374 375
375 376
376 377
375 378
378 379
379 380
378 381
369 382
382 383
382 384
384 385
385 386
386 387
385 388
388 389
369 390
390 391
391 392
391 393
390 394
394 395
395 396
394 397
390 398
398 399
390 400
400 401
401 402
402 403
403 404
402 405
405 406
401 407
369 408
408 409
409 410
410 411
409 412
408 413
413 414
414 415
415 416
416 417
415 418
418 419
414 420
413 421
421 422
422 423
422 424
421 425
425 426
426 427
425 428
421 429
429 430
421 431
431 432
432 433
433 434
432 435
435 436
436 437
437 438
436 439
439 440
408 441
441 442
442 443
443 444
442 445
445 446
369 447
447 448
448 449
447 450
450 451
1 452
452 453
453 454
454 455
455 456
453 457
457 458
458 459
453 460
460 461
461 462
453 463
463 464
464 465
