1 2
2 3
3 4
4 5
3 6
6 7
6 8
8 9
3 10
10 11
11 12
12 13
10 14
10 15
3 16
16 17
17 18
18 19
16 20
20 21
21 22
22 23
21 24
24 25
25 26
26 27
27 28
28 29
27 30
30 31
31 32
30 33
21 34
34 35
34 36
36 37
37 38
38 39
37 40
40 41
21 42
42 43
43 44
43 45
42 46
46 47
47 48
46 49
42 50
50 51
42 52
52 53
53 54
54 55
55 56
54 57
57 58
53 59
21 60
60 61
61 62
62 63
63 64
62 65
61 66
66 67
67 68
66 69
69 70
60 71
71 72
72 73
73 74
74 75
73 76
76 77
72 78
71 79
79 80
80 81
80 82
79 83
83 84
84 85
83 86
79 87
87 88
79 89
89 90
90 91
91 92
90 93
93 94
94 95
95 96
94 97
97 98
60 99
99 100
100 101
101 102
100 103
103 104
21 105
105 106
106 107
105 108
108 109
16 110
110 111
111 112
112 113
111 114
114 115
115 116
116 117
117 118
118 119
117 120
120 121
121 122
120 123
111 124
124 125
124 126
126 127
127 128
128 129
127 130
130 131
111 132
132 133
133 134
133 135
132 136
136 137
137 138
136 139
132 140
140 141
132 142
142 143
143 144
144 145
145 146
144 147
147 148
143 149
111 150
150 151
151 152
152 153
153 154
152 155
151 156
156 157
157 158
156 159
159 160
150 161
161 162
162 163
163 164
164 165
163 166
166 167
162 168
161 169
169 170
170 171
170 172
169 173
173 174
174 175
173 176
169 177
177 178
169 179
179 180
180 181
181 182
180 183
183 184
184 185
185 186
184 187
187 188
150 189
189 190
190 191
191 192
190 193
193 194
111 195
195 196
196 197
195 198
198 199
1 200
200 201
201 202
202 203
201 204
204 205
204 206
206 207
201 208
208 209
209 210
210 211
208 212
212 213
213 214
213 215
208 216
216 217
217 218
217 219
201 220
220 221
221 222
222 223
220 224
224 225
225 226
226 227
225 228
228 229
229 230
230 231
231 232
232 233
231 234
234 235
235 236
234 237
225 238
238 239
238 240
240 241
241 242
242 243
241 244
244 245
225 246
246 247
247 248
247 249
246 250
250 251
251 252
250 253
246 254
254 255
246 256
256 257
257 258
258 259
259 260
258 261
261 262
257 263
225 264
264 265
265 266
266 267
265 268
264 269
269 270
270 271
271 272
272 273
271 274
274 275
270 276
269 277
277 278
278 279
278 280
277 281
281 282
282 283
281 284
277 285
285 286
277 287
287 288
288 289
289 290
288 291
291 292
292 293
293 294
292 295
295 296
264 297
297 298
298 299
299 300
298 301
301 302
225 303
303 304
304 305
303 306
306 307
220 308
308 309
309 310
310 311
309 312
312 313
313 314
314 315
315 316
316 317
315 318
318 319
319 320
318 321
309 322
322 323
322 324
324 325
325 326
326 327
325 328
328 329
309 330
330 331
331 332
331 333
330 334
334 335
335 336
334 337
330 338
338 339
330 340
340 341
341 342
342 343
343 344
342 345
345 346
341 347
309 348
348 349
349 350
350 351
349 352
348 353
353 354
354 355
355 356
356 357
355 358
358 359
354 360
353 361
361 362
362 363
362 364
361 365
365 366
366 367
365 368
361 369
369 370
361 371
371 372
372 373
373 374
372 375
375 376
376 377
377 378
376 379
379 380
348 381
381 382
382 383
383 384
382 385
385 386
309 387
387 388
388 389
387 390
390 391
1 392
392 393
393 394
394 395
395 396
393 397
397 398
398 399
