1 2
2 3
3 4
4 5
3 6
6 7
6 8
8 9
3 10
10 11
3 12
12 13
3 14
14 15
3 16
16 17
17 18
18 19
17 20
20 21
21 22
22 23
23 24
24 25
23 26
26 27
27 28
26 29
17 30
30 31
30 32
32 33
33 34
34 35
33 36
36 37
17 38
38 39
39 40
39 41
38 42
42 43
43 44
42 45
38 46
46 47
38 48
48 49
49 50
50 51
51 52
50 53
53 54
49 55
17 56
56 57
57 58
58 59
59 60
58 61
57 62
62 63
63 64
62 65
65 66
56 67
67 68
68 69
69 70
70 71
69 72
72 73
68 74
67 75
75 76
76 77
76 78
75 79
79 80
80 81
79 82
75 83
83 84
75 85
85 86
86 87
87 88
86 89
89 90
90 91
91 92
90 93
93 94
56 95
95 96
96 97
97 98
96 99
99 100
17 101
101 102
102 103
101 104
104 105
1 106
106 107
107 108
108 109
107 110
110 111
110 112
112 113
107 114
114 115
107 116
116 117
117 118
117 119
107 120
120 121
107 122
122 123
123 124
124 125
123 126
126 127
127 128
128 129
129 130
130 131
129 132
132 133
133 134
132 135
123 136
136 137
136 138
138 139
139 140
140 141
139 142
142 143
123 144
144 145
145 146
145 147
144 148
148 149
149 150
148 151
144 152
152 153
144 154
154 155
155 156
156 157
157 158
156 159
159 160
155 161
123 162
162 163
163 164
164 165
163 166
162 167
167 168
168 169
169 170
170 171
169 172
172 173
168 174
167 175
175 176
176 177
176 178
175 179
179 180
180 181
179 182
175 183
183 184
175 185
185 186
186 187
187 188
186 189
189 190
190 191
191 192
190 193
193 194
162 195
195 196
196 197
197 198
196 199
199 200
123 201
201 202
202 203
201 204
204 205
1 206
206 207
207 208
208 209
209 210
207 211
211 212
212 213
