1 2
2 3
3 4
4 5
3 6
6 7
6 8
8 9
3 10
10 11
10 12
3 13
13 14
14 15
13 16
16 17
17 18
18 19
19 20
20 21
19 22
22 23
23 24
22 25
13 26
26 27
26 28
28 29
29 30
30 31
29 32
32 33
13 34
34 35
35 36
35 37
34 38
38 39
39 40
38 41
34 42
42 43
34 44
44 45
45 46
46 47
47 48
46 49
49 50
45 51
13 52
52 53
53 54
54 55
53 56
52 57
57 58
58 59
59 60
60 61
59 62
62 63
58 64
57 65
65 66
66 67
66 68
65 69
69 70
70 71
69 72
65 73
73 74
65 75
75 76
76 77
77 78
76 79
79 80
80 81
81 82
80 83
83 84
52 85
85 86
86 87
87 88
86 89
89 90
13 91
91 92
92 93
91 94
94 95
1 96
96 97
97 98
98 99
97 100
100 101
100 102
102 103
97 104
104 105
105 106
104 107
107 108
108 109
109 110
110 111
111 112
110 113
113 114
114 115
113 116
104 117
117 118
117 119
119 120
120 121
121 122
120 123
123 124
104 125
125 126
126 127
126 128
125 129
129 130
130 131
129 132
125 133
133 134
125 135
135 136
136 137
137 138
138 139
137 140
140 141
136 142
104 143
143 144
144 145
145 146
146 147
145 148
144 149
149 150
150 151
149 152
152 153
143 154
154 155
155 156
156 157
157 158
156 159
159 160
155 161
154 162
162 163
163 164
163 165
162 166
166 167
167 168
166 169
162 170
170 171
162 172
172 173
173 174
174 175
173 176
176 177
177 178
178 179
177 180
180 181
143 182
182 183
183 184
184 185
183 186
186 187
104 188
188 189
189 190
188 191
191 192
1 193
193 194
194 195
195 196
196 197
194 198
198 199
199 200
