1 2
2 3
1 4
4 5
1 6
6 7
1 8
8 9
8 10
10 11
11 12
12 13
11 14
14 15
15 16
16 17
15 18
18 19
11 20
20 21
21 22
22 23
21 24
24 25
25 26
26 27
27 28
28 29
27 30
30 31
31 32
30 33
21 34
34 35
34 36
36 37
37 38
38 39
37 40
40 41
21 42
42 43
43 44
43 45
42 46
46 47
47 48
46 49
42 50
50 51
42 52
52 53
53 54
54 55
55 56
54 57
57 58
53 59
21 60
60 61
61 62
62 63
63 64
62 65
61 66
66 67
67 68
66 69
69 70
60 71
71 72
72 73
73 74
74 75
73 76
76 77
72 78
71 79
79 80
80 81
80 82
79 83
83 84
84 85
83 86
79 87
87 88
79 89
89 90
90 91
91 92
90 93
93 94
94 95
95 96
94 97
97 98
60 99
99 100
100 101
101 102
100 103
103 104
21 105
105 106
106 107
105 108
108 109
1 110
110 111
111 112
112 113
111 114
114 115
114 116
116 117
111 118
118 119
119 120
120 121
121 122
122 123
123 124
124 125
123 126
126 127
127 128
122 129
129 130
120 131
118 132
132 133
132 134
134 135
135 136
135 137
137 138
138 139
137 140
140 141
132 142
142 143
143 144
144 145
143 146
146 147
111 148
148 149
148 150
111 151
151 152
152 153
151 154
154 155
1 156
156 157
156 158
158 159
159 160
160 161
159 162
162 163
163 164
164 165
163 166
166 167
167 168
168 169
169 170
170 171
169 172
172 173
173 174
172 175
163 176
176 177
176 178
178 179
179 180
180 181
179 182
182 183
163 184
184 185
185 186
185 187
184 188
188 189
189 190
188 191
184 192
192 193
184 194
194 195
195 196
196 197
197 198
196 199
199 200
195 201
163 202
202 203
203 204
204 205
205 206
204 207
203 208
208 209
209 210
208 211
211 212
202 213
213 214
214 215
215 216
216 217
215 218
218 219
214 220
213 221
221 222
222 223
222 224
221 225
225 226
226 227
225 228
221 229
229 230
221 231
231 232
232 233
233 234
232 235
235 236
236 237
237 238
236 239
239 240
202 241
241 242
242 243
243 244
242 245
245 246
163 247
247 248
248 249
247 250
250 251
1 252
252 253
253 254
254 255
253 256
256 257
256 258
258 259
253 260
260 261
261 262
262 263
263 264
264 265
265 266
266 267
265 268
268 269
269 270
264 271
271 272
262 273
260 274
274 275
274 276
276 277
277 278
277 279
279 280
280 281
279 282
282 283
274 284
284 285
285 286
286 287
285 288
288 289
253 290
290 291
290 292
253 293
293 294
294 295
293 296
296 297
1 298
298 299
298 300
300 301
301 302
302 303
301 304
304 305
305 306
306 307
305 308
308 309
309 310
310 311
311 312
312 313
311 314
314 315
315 316
314 317
305 318
318 319
318 320
320 321
321 322
322 323
321 324
324 325
305 326
326 327
327 328
327 329
326 330
330 331
331 332
330 333
326 334
334 335
326 336
336 337
337 338
338 339
339 340
338 341
341 342
337 343
305 344
344 345
345 346
346 347
345 348
344 349
349 350
350 351
351 352
352 353
351 354
354 355
350 356
349 357
357 358
358 359
358 360
357 361
361 362
362 363
361 364
357 365
365 366
357 367
367 368
368 369
369 370
368 371
371 372
372 373
373 374
372 375
375 376
344 377
377 378
378 379
379 380
378 381
381 382
305 383
383 384
384 385
383 386
386 387
1 388
388 389
389 390
390 391
389 392
392 393
392 394
394 395
389 396
396 397
396 398
389 399
399 400
399 401
389 402
402 403
403 404
402 405
405 406
1 407
407 408
408 409
409 410
410 411
408 412
412 413
413 414
408 415
415 416
416 417
