1 2
2 3
3 4
4 5
3 6
6 7
7 8
8 9
3 10
10 11
11 12
12 13
3 14
14 15
14 16
16 17
3 18
18 19
19 20
20 21
21 22
22 23
23 24
18 25
25 26
25 27
18 28
28 29
29 30
30 31
28 32
32 33
3 34
34 35
35 36
36 37
37 38
38 39
39 40
34 41
41 42
42 43
41 44
44 45
45 46
46 47
47 48
48 49
47 50
50 51
51 52
50 53
41 54
54 55
54 56
56 57
57 58
58 59
57 60
60 61
41 62
62 63
63 64
63 65
62 66
66 67
67 68
66 69
62 70
70 71
62 72
72 73
73 74
74 75
75 76
74 77
77 78
73 79
41 80
80 81
81 82
82 83
81 84
80 85
85 86
86 87
87 88
88 89
87 90
90 91
86 92
85 93
93 94
94 95
94 96
93 97
97 98
98 99
97 100
93 101
101 102
93 103
103 104
104 105
105 106
104 107
107 108
108 109
109 110
108 111
111 112
80 113
113 114
114 115
115 116
114 117
117 118
41 119
119 120
120 121
119 122
122 123
1 124
124 125
125 126
126 127
125 128
128 129
129 130
130 131
125 132
132 133
133 134
134 135
125 136
136 137
136 138
138 139
125 140
140 141
141 142
142 143
143 144
144 145
145 146
140 147
147 148
148 149
149 150
150 151
151 152
152 153
153 154
152 155
155 156
156 157
151 158
158 159
149 160
147 161
161 162
161 163
163 164
164 165
164 166
166 167
167 168
166 169
169 170
161 171
171 172
172 173
173 174
172 175
175 176
140 177
177 178
178 179
179 180
177 181
181 182
125 183
183 184
184 185
185 186
186 187
187 188
188 189
183 190
190 191
191 192
190 193
193 194
194 195
195 196
196 197
197 198
196 199
199 200
200 201
199 202
190 203
203 204
203 205
205 206
206 207
207 208
206 209
209 210
190 211
211 212
212 213
212 214
211 215
215 216
216 217
215 218
211 219
219 220
211 221
221 222
222 223
223 224
224 225
223 226
226 227
222 228
190 229
229 230
230 231
231 232
232 233
231 234
230 235
235 236
236 237
235 238
238 239
229 240
240 241
241 242
242 243
243 244
242 245
245 246
241 247
240 248
248 249
249 250
249 251
248 252
252 253
253 254
252 255
248 256
256 257
248 258
258 259
259 260
260 261
259 262
262 263
263 264
264 265
263 266
266 267
229 268
268 269
269 270
270 271
269 272
272 273
190 274
274 275
275 276
274 277
277 278
1 279
279 280
280 281
281 282
282 283
280 284
284 285
285 286
