1 2
2 3
1 4
4 5
1 6
6 7
1 8
8 9
1 10
10 11
11 12
12 13
11 14
14 15
14 16
16 17
11 18
18 19
19 20
20 21
21 22
22 23
23 24
24 25
23 26
26 27
27 28
22 29
29 30
20 31
18 32
32 33
32 34
34 35
35 36
35 37
37 38
38 39
37 40
40 41
32 42
42 43
43 44
44 45
43 46
46 47
11 48
48 49
48 50
11 51
51 52
52 53
51 54
54 55
1 56
56 57
1 58
58 59
59 60
60 61
59 62
62 63
62 64
64 65
59 66
66 67
67 68
68 69
69 70
70 71
71 72
72 73
71 74
74 75
75 76
70 77
77 78
68 79
66 80
80 81
80 82
82 83
83 84
83 85
85 86
86 87
85 88
88 89
80 90
90 91
91 92
92 93
91 94
94 95
59 96
96 97
96 98
59 99
99 100
100 101
99 102
102 103
1 104
104 105
1 106
106 107
107 108
108 109
107 110
110 111
110 112
112 113
107 114
114 115
114 116
107 117
117 118
117 119
107 120
120 121
121 122
120 123
123 124
1 125
125 126
126 127
127 128
128 129
126 130
130 131
131 132
126 133
133 134
134 135
