1 2
2 3
3 4
4 5
3 6
6 7
6 8
8 9
3 10
10 11
10 12
3 13
13 14
13 15
15 16
16 17
17 18
16 19
19 20
13 21
21 22
22 23
23 24
22 25
25 26
26 27
27 28
28 29
29 30
28 31
31 32
32 33
31 34
22 35
35 36
35 37
37 38
38 39
39 40
38 41
41 42
22 43
43 44
44 45
44 46
43 47
47 48
48 49
47 50
43 51
51 52
43 53
53 54
54 55
55 56
56 57
55 58
58 59
54 60
22 61
61 62
62 63
63 64
64 65
63 66
62 67
67 68
68 69
67 70
70 71
61 72
72 73
73 74
74 75
75 76
74 77
77 78
73 79
72 80
80 81
81 82
81 83
80 84
84 85
85 86
84 87
80 88
88 89
80 90
90 91
91 92
92 93
91 94
94 95
95 96
96 97
95 98
98 99
61 100
100 101
101 102
102 103
101 104
104 105
22 106
106 107
107 108
106 109
109 110
1 111
111 112
112 113
113 114
112 115
115 116
115 117
117 118
112 119
119 120
119 121
112 122
122 123
122 124
124 125
125 126
126 127
125 128
128 129
129 130
130 131
131 132
132 133
131 134
134 135
135 136
134 137
125 138
138 139
138 140
140 141
141 142
142 143
141 144
144 145
125 146
146 147
147 148
147 149
146 150
150 151
151 152
150 153
146 154
154 155
146 156
156 157
157 158
158 159
159 160
158 161
161 162
157 163
125 164
164 165
165 166
166 167
167 168
166 169
165 170
170 171
171 172
170 173
173 174
164 175
175 176
176 177
177 178
178 179
177 180
180 181
176 182
175 183
183 184
184 185
184 186
183 187
187 188
188 189
187 190
183 191
191 192
183 193
193 194
194 195
195 196
194 197
197 198
198 199
199 200
198 201
201 202
164 203
203 204
204 205
205 206
204 207
207 208
125 209
209 210
210 211
209 212
212 213
1 214
214 215
215 216
216 217
215 218
218 219
218 220
220 221
215 222
222 223
222 224
224 225
225 226
226 227
225 228
228 229
222 230
230 231
231 232
231 233
215 234
234 235
234 236
236 237
237 238
238 239
237 240
240 241
241 242
242 243
243 244
244 245
243 246
246 247
247 248
246 249
237 250
250 251
250 252
252 253
253 254
254 255
253 256
256 257
237 258
258 259
259 260
259 261
258 262
262 263
263 264
262 265
258 266
266 267
258 268
268 269
269 270
270 271
271 272
270 273
273 274
269 275
237 276
276 277
277 278
278 279
277 280
276 281
281 282
282 283
283 284
284 285
283 286
286 287
282 288
281 289
289 290
290 291
290 292
289 293
293 294
294 295
293 296
289 297
297 298
289 299
299 300
300 301
301 302
300 303
303 304
304 305
305 306
304 307
307 308
276 309
309 310
310 311
311 312
310 313
313 314
237 315
315 316
316 317
315 318
318 319
1 320
320 321
321 322
322 323
321 324
324 325
324 326
326 327
321 328
328 329
328 330
330 331
331 332
331 333
321 334
334 335
334 336
336 337
337 338
338 339
337 340
340 341
341 342
342 343
343 344
344 345
343 346
346 347
347 348
346 349
337 350
350 351
350 352
352 353
353 354
354 355
353 356
356 357
337 358
358 359
359 360
359 361
358 362
362 363
363 364
362 365
358 366
366 367
358 368
368 369
369 370
370 371
371 372
370 373
373 374
369 375
337 376
376 377
377 378
378 379
377 380
376 381
381 382
382 383
383 384
384 385
383 386
386 387
382 388
381 389
389 390
390 391
390 392
389 393
393 394
394 395
393 396
389 397
397 398
389 399
399 400
400 401
401 402
400 403
403 404
404 405
405 406
404 407
407 408
376 409
409 410
410 411
411 412
410 413
413 414
337 415
415 416
416 417
415 418
418 419
1 420
420 421
421 422
422 423
423 424
421 425
425 426
426 427
421 428
428 429
429 430
421 431
431 432
432 433
