1 2
2 3
1 4
4 5
1 6
6 7
7 8
8 9
7 10
10 11
10 12
12 13
7 14
14 15
15 16
14 17
17 18
18 19
18 20
7 21
21 22
22 23
21 24
24 25
25 26
26 27
25 28
28 29
21 30
30 31
31 32
32 33
31 34
34 35
35 36
36 37
37 38
38 39
37 40
40 41
41 42
40 43
31 44
44 45
44 46
46 47
47 48
48 49
47 50
50 51
31 52
52 53
53 54
53 55
52 56
56 57
57 58
56 59
52 60
60 61
52 62
62 63
63 64
64 65
65 66
64 67
67 68
63 69
31 70
70 71
71 72
72 73
73 74
72 75
71 76
76 77
77 78
76 79
79 80
70 81
81 82
82 83
83 84
84 85
83 86
86 87
82 88
81 89
89 90
90 91
90 92
89 93
93 94
94 95
93 96
89 97
97 98
89 99
99 100
100 101
101 102
100 103
103 104
104 105
105 106
104 107
107 108
70 109
109 110
110 111
111 112
110 113
113 114
31 115
115 116
116 117
115 118
118 119
1 120
120 121
121 122
122 123
121 124
124 125
124 126
126 127
121 128
128 129
129 130
128 131
131 132
132 133
132 134
121 135
135 136
136 137
135 138
138 139
139 140
140 141
139 142
142 143
143 144
144 145
145 146
146 147
145 148
148 149
149 150
148 151
139 152
152 153
152 154
154 155
155 156
156 157
155 158
158 159
139 160
160 161
161 162
161 163
160 164
164 165
165 166
164 167
160 168
168 169
160 170
170 171
171 172
172 173
173 174
172 175
175 176
171 177
139 178
178 179
179 180
180 181
181 182
180 183
179 184
184 185
185 186
184 187
187 188
178 189
189 190
190 191
191 192
192 193
191 194
194 195
190 196
189 197
197 198
198 199
198 200
197 201
201 202
202 203
201 204
197 205
205 206
197 207
207 208
208 209
209 210
208 211
211 212
212 213
213 214
212 215
215 216
178 217
217 218
218 219
219 220
218 221
221 222
139 223
223 224
224 225
223 226
226 227
1 228
228 229
229 230
230 231
229 232
232 233
232 234
234 235
229 236
236 237
237 238
236 239
239 240
240 241
241 242
240 243
243 244
236 245
245 246
246 247
246 248
229 249
249 250
250 251
249 252
252 253
253 254
254 255
253 256
256 257
257 258
258 259
259 260
260 261
259 262
262 263
263 264
262 265
253 266
266 267
266 268
268 269
269 270
270 271
269 272
272 273
253 274
274 275
275 276
275 277
274 278
278 279
279 280
278 281
274 282
282 283
274 284
284 285
285 286
286 287
287 288
286 289
289 290
285 291
253 292
292 293
293 294
294 295
293 296
292 297
297 298
298 299
299 300
300 301
299 302
302 303
298 304
297 305
305 306
306 307
306 308
305 309
309 310
310 311
309 312
305 313
313 314
305 315
315 316
316 317
317 318
316 319
319 320
320 321
321 322
320 323
323 324
292 325
325 326
326 327
327 328
326 329
329 330
253 331
331 332
332 333
331 334
334 335
1 336
336 337
337 338
338 339
337 340
340 341
340 342
342 343
337 344
344 345
345 346
344 347
347 348
348 349
348 350
337 351
351 352
352 353
351 354
354 355
355 356
356 357
355 358
358 359
359 360
360 361
361 362
362 363
361 364
364 365
365 366
364 367
355 368
368 369
368 370
370 371
371 372
372 373
371 374
374 375
355 376
376 377
377 378
377 379
376 380
380 381
381 382
380 383
376 384
384 385
376 386
386 387
387 388
388 389
389 390
388 391
391 392
387 393
355 394
394 395
395 396
396 397
395 398
394 399
399 400
400 401
401 402
402 403
401 404
404 405
400 406
399 407
407 408
408 409
408 410
407 411
411 412
412 413
411 414
407 415
415 416
407 417
417 418
418 419
419 420
418 421
421 422
422 423
423 424
422 425
425 426
394 427
427 428
428 429
429 430
428 431
431 432
355 433
433 434
434 435
433 436
436 437
1 438
438 439
439 440
440 441
441 442
439 443
443 444
444 445
439 446
446 447
447 448
439 449
449 450
450 451
