1 2
2 3
3 4
4 5
4 6
3 7
7 8
3 9
9 10
9 11
11 12
3 13
13 14
14 15
14 16
13 17
17 18
18 19
17 20
13 21
21 22
13 23
23 24
24 25
25 26
26 27
27 28
28 29
29 30
30 31
29 32
32 33
33 34
28 35
35 36
26 37
24 38
38 39
38 40
40 41
41 42
41 43
43 44
44 45
43 46
46 47
38 48
48 49
49 50
50 51
49 52
52 53
3 54
54 55
55 56
55 57
54 58
58 59
59 60
58 61
54 62
62 63
54 64
64 65
65 66
66 67
65 68
68 69
69 70
70 71
71 72
72 73
71 74
74 75
75 76
74 77
65 78
78 79
78 80
80 81
81 82
82 83
81 84
84 85
65 86
86 87
87 88
87 89
86 90
90 91
91 92
90 93
86 94
94 95
86 96
96 97
97 98
98 99
99 100
98 101
101 102
97 103
65 104
104 105
105 106
106 107
107 108
106 109
105 110
110 111
111 112
110 113
113 114
104 115
115 116
116 117
117 118
118 119
117 120
120 121
116 122
115 123
123 124
124 125
124 126
123 127
127 128
128 129
127 130
123 131
131 132
123 133
133 134
134 135
135 136
134 137
137 138
138 139
139 140
138 141
141 142
104 143
143 144
144 145
145 146
144 147
147 148
65 149
149 150
150 151
149 152
152 153
1 154
154 155
155 156
156 157
156 158
155 159
159 160
155 161
161 162
161 163
163 164
155 165
165 166
166 167
166 168
165 169
169 170
170 171
169 172
165 173
173 174
165 175
175 176
176 177
176 178
155 179
179 180
180 181
180 182
179 183
183 184
184 185
183 186
179 187
187 188
179 189
189 190
190 191
191 192
190 193
193 194
194 195
195 196
196 197
197 198
196 199
199 200
200 201
199 202
190 203
203 204
203 205
205 206
206 207
207 208
206 209
209 210
190 211
211 212
212 213
212 214
211 215
215 216
216 217
215 218
211 219
219 220
211 221
221 222
222 223
223 224
224 225
223 226
226 227
222 228
190 229
229 230
230 231
231 232
230 233
229 234
234 235
235 236
236 237
237 238
236 239
239 240
235 241
234 242
242 243
243 244
243 245
242 246
246 247
247 248
246 249
242 250
250 251
242 252
252 253
253 254
254 255
253 256
256 257
257 258
258 259
257 260
260 261
229 262
262 263
263 264
264 265
263 266
266 267
190 268
268 269
269 270
268 271
271 272
1 273
273 274
274 275
275 276
276 277
274 278
278 279
279 280
