1 2
2 3
2 4
4 5
5 6
6 7
5 8
8 9
9 10
10 11
11 12
12 13
11 14
14 15
15 16
14 17
5 18
18 19
18 20
20 21
21 22
22 23
21 24
24 25
5 26
26 27
27 28
27 29
26 30
30 31
31 32
30 33
26 34
34 35
26 36
36 37
37 38
38 39
39 40
38 41
41 42
37 43
5 44
44 45
45 46
46 47
45 48
44 49
49 50
50 51
51 52
52 53
51 54
54 55
50 56
49 57
57 58
58 59
58 60
57 61
61 62
62 63
61 64
57 65
65 66
57 67
67 68
68 69
69 70
68 71
71 72
72 73
73 74
72 75
75 76
44 77
77 78
78 79
79 80
78 81
81 82
5 83
83 84
84 85
83 86
86 87
1 88
88 89
89 90
90 91
89 92
92 93
93 94
93 95
95 96
89 97
97 98
97 99
99 100
89 101
101 102
101 103
89 104
104 105
105 106
104 107
107 108
1 109
109 110
109 111
111 112
112 113
113 114
112 115
115 116
116 117
117 118
118 119
119 120
118 121
121 122
122 123
121 124
112 125
125 126
125 127
127 128
128 129
129 130
128 131
131 132
112 133
133 134
134 135
134 136
133 137
137 138
138 139
137 140
133 141
141 142
133 143
143 144
144 145
145 146
146 147
145 148
148 149
144 150
112 151
151 152
152 153
153 154
154 155
153 156
152 157
157 158
158 159
157 160
160 161
151 162
162 163
163 164
164 165
165 166
164 167
167 168
163 169
162 170
170 171
171 172
171 173
170 174
174 175
175 176
174 177
170 178
178 179
170 180
180 181
181 182
182 183
181 184
184 185
185 186
186 187
185 188
188 189
151 190
190 191
191 192
192 193
191 194
194 195
112 196
196 197
197 198
196 199
199 200
1 201
201 202
202 203
203 204
202 205
205 206
206 207
206 208
208 209
202 210
210 211
210 212
212 213
202 214
214 215
215 216
216 217
217 218
218 219
219 220
220 221
219 222
222 223
223 224
218 225
225 226
216 227
214 228
228 229
228 230
230 231
231 232
231 233
233 234
234 235
233 236
236 237
228 238
238 239
239 240
240 241
239 242
242 243
202 244
244 245
245 246
244 247
247 248
1 249
249 250
250 251
251 252
252 253
250 254
254 255
255 256
