1 2
2 3
3 4
4 5
3 6
6 7
6 8
8 9
3 10
10 11
10 12
12 13
13 14
13 15
15 16
15 17
17 18
18 19
12 20
12 21
21 22
22 23
23 24
22 25
25 26
12 27
3 28
28 29
28 30
30 31
31 32
31 33
33 34
34 35
33 36
36 37
30 38
30 39
39 40
40 41
41 42
40 43
43 44
44 45
45 46
46 47
47 48
46 49
49 50
50 51
49 52
40 53
53 54
53 55
55 56
56 57
57 58
56 59
59 60
40 61
61 62
62 63
62 64
61 65
65 66
66 67
65 68
61 69
69 70
61 71
71 72
72 73
73 74
74 75
73 76
76 77
72 78
40 79
79 80
80 81
81 82
82 83
81 84
80 85
85 86
86 87
85 88
88 89
79 90
90 91
91 92
92 93
93 94
92 95
95 96
91 97
90 98
98 99
99 100
99 101
98 102
102 103
103 104
102 105
98 106
106 107
98 108
108 109
109 110
110 111
109 112
112 113
113 114
114 115
113 116
116 117
79 118
118 119
119 120
120 121
119 122
122 123
40 124
124 125
125 126
124 127
127 128
30 129
1 130
130 131
131 132
132 133
131 134
134 135
134 136
136 137
131 138
138 139
138 140
140 141
141 142
141 143
143 144
143 145
145 146
146 147
140 148
140 149
149 150
150 151
151 152
150 153
153 154
140 155
131 156
156 157
156 158
158 159
159 160
159 161
161 162
162 163
161 164
164 165
165 166
166 167
167 168
168 169
167 170
170 171
171 172
170 173
161 174
174 175
174 176
176 177
177 178
178 179
177 180
180 181
161 182
182 183
183 184
183 185
182 186
186 187
187 188
186 189
182 190
190 191
182 192
192 193
193 194
194 195
195 196
194 197
197 198
193 199
161 200
200 201
201 202
202 203
203 204
202 205
201 206
206 207
207 208
206 209
209 210
200 211
211 212
212 213
213 214
214 215
213 216
216 217
212 218
211 219
219 220
220 221
220 222
219 223
223 224
224 225
223 226
219 227
227 228
219 229
229 230
230 231
231 232
230 233
233 234
234 235
235 236
234 237
237 238
200 239
239 240
240 241
241 242
240 243
243 244
161 245
245 246
246 247
245 248
248 249
158 250
158 251
251 252
252 253
253 254
252 255
255 256
158 257
1 258
258 259
259 260
260 261
259 262
262 263
262 264
264 265
259 266
266 267
266 268
268 269
269 270
269 271
271 272
272 273
271 274
274 275
268 276
268 277
277 278
278 279
278 280
268 281
259 282
282 283
282 284
284 285
285 286
285 287
287 288
288 289
287 290
290 291
291 292
292 293
293 294
294 295
293 296
296 297
297 298
296 299
287 300
300 301
300 302
302 303
303 304
304 305
303 306
306 307
287 308
308 309
309 310
309 311
308 312
312 313
313 314
312 315
308 316
316 317
308 318
318 319
319 320
320 321
321 322
320 323
323 324
319 325
287 326
326 327
327 328
328 329
327 330
326 331
331 332
332 333
333 334
334 335
333 336
336 337
332 338
331 339
339 340
340 341
340 342
339 343
343 344
344 345
343 346
339 347
347 348
339 349
349 350
350 351
351 352
350 353
353 354
354 355
355 356
354 357
357 358
326 359
359 360
360 361
361 362
360 363
363 364
287 365
365 366
366 367
365 368
368 369
284 370
284 371
371 372
372 373
373 374
372 375
375 376
284 377
1 378
378 379
379 380
380 381
379 382
382 383
382 384
384 385
379 386
386 387
386 388
388 389
389 390
389 391
391 392
391 393
388 394
388 395
395 396
396 397
397 398
396 399
399 400
388 401
379 402
402 403
402 404
404 405
405 406
405 407
407 408
408 409
407 410
410 411
411 412
412 413
413 414
414 415
413 416
416 417
417 418
416 419
407 420
420 421
420 422
422 423
423 424
424 425
423 426
426 427
407 428
428 429
429 430
429 431
428 432
432 433
433 434
432 435
428 436
436 437
428 438
438 439
439 440
440 441
441 442
440 443
443 444
439 445
407 446
446 447
447 448
448 449
447 450
446 451
451 452
452 453
453 454
454 455
453 456
456 457
452 458
451 459
459 460
460 461
460 462
459 463
463 464
464 465
463 466
459 467
467 468
459 469
469 470
470 471
471 472
470 473
473 474
474 475
475 476
474 477
477 478
446 479
479 480
480 481
481 482
480 483
483 484
407 485
485 486
486 487
485 488
488 489
404 490
404 491
491 492
492 493
493 494
492 495
495 496
404 497
1 498
498 499
499 500
500 501
501 502
499 503
503 504
504 505
499 506
506 507
507 508
499 509
509 510
510 511
