1 2
2 3
3 4
4 5
3 6
6 7
6 8
8 9
3 10
10 11
11 12
12 13
10 14
14 15
15 16
15 17
10 18
18 19
19 20
19 21
3 22
22 23
23 24
24 25
22 26
26 27
27 28
28 29
27 30
30 31
31 32
32 33
33 34
34 35
33 36
36 37
37 38
36 39
27 40
40 41
40 42
42 43
43 44
44 45
43 46
46 47
27 48
48 49
49 50
49 51
48 52
52 53
53 54
52 55
48 56
56 57
48 58
58 59
59 60
60 61
61 62
60 63
63 64
59 65
27 66
66 67
67 68
68 69
69 70
68 71
67 72
72 73
73 74
72 75
75 76
66 77
77 78
78 79
79 80
80 81
79 82
82 83
78 84
77 85
85 86
86 87
86 88
85 89
89 90
90 91
89 92
85 93
93 94
85 95
95 96
96 97
97 98
96 99
99 100
100 101
101 102
100 103
103 104
66 105
105 106
106 107
107 108
106 109
109 110
27 111
111 112
112 113
111 114
114 115
22 116
116 117
117 118
118 119
117 120
120 121
121 122
122 123
123 124
124 125
123 126
126 127
127 128
126 129
117 130
130 131
130 132
132 133
133 134
134 135
133 136
136 137
117 138
138 139
139 140
139 141
138 142
142 143
143 144
142 145
138 146
146 147
138 148
148 149
149 150
150 151
151 152
150 153
153 154
149 155
117 156
156 157
157 158
158 159
159 160
158 161
157 162
162 163
163 164
162 165
165 166
156 167
167 168
168 169
169 170
170 171
169 172
172 173
168 174
167 175
175 176
176 177
176 178
175 179
179 180
180 181
179 182
175 183
183 184
175 185
185 186
186 187
187 188
186 189
189 190
190 191
191 192
190 193
193 194
156 195
195 196
196 197
197 198
196 199
199 200
117 201
201 202
202 203
201 204
204 205
1 206
206 207
207 208
208 209
207 210
210 211
210 212
212 213
207 214
214 215
215 216
216 217
214 218
218 219
219 220
219 221
214 222
222 223
223 224
223 225
207 226
226 227
227 228
228 229
226 230
230 231
231 232
232 233
231 234
234 235
235 236
236 237
237 238
238 239
237 240
240 241
241 242
240 243
231 244
244 245
244 246
246 247
247 248
248 249
247 250
250 251
231 252
252 253
253 254
253 255
252 256
256 257
257 258
256 259
252 260
260 261
252 262
262 263
263 264
264 265
265 266
264 267
267 268
263 269
231 270
270 271
271 272
272 273
271 274
270 275
275 276
276 277
277 278
278 279
277 280
280 281
276 282
275 283
283 284
284 285
284 286
283 287
287 288
288 289
287 290
283 291
291 292
283 293
293 294
294 295
295 296
294 297
297 298
298 299
299 300
298 301
301 302
270 303
303 304
304 305
305 306
304 307
307 308
231 309
309 310
310 311
309 312
312 313
226 314
314 315
315 316
316 317
315 318
318 319
319 320
320 321
321 322
322 323
321 324
324 325
325 326
324 327
315 328
328 329
328 330
330 331
331 332
332 333
331 334
334 335
315 336
336 337
337 338
337 339
336 340
340 341
341 342
340 343
336 344
344 345
336 346
346 347
347 348
348 349
349 350
348 351
351 352
347 353
315 354
354 355
355 356
356 357
355 358
354 359
359 360
360 361
361 362
362 363
361 364
364 365
360 366
359 367
367 368
368 369
368 370
367 371
371 372
372 373
371 374
367 375
375 376
367 377
377 378
378 379
379 380
378 381
381 382
382 383
383 384
382 385
385 386
354 387
387 388
388 389
389 390
388 391
391 392
315 393
393 394
394 395
393 396
396 397
1 398
398 399
399 400
400 401
401 402
399 403
403 404
404 405
