1 2
2 3
1 4
4 5
1 6
6 7
1 8
8 9
8 10
10 11
11 12
12 13
11 14
14 15
15 16
16 17
15 18
18 19
11 20
20 21
21 22
22 23
21 24
24 25
25 26
26 27
27 28
28 29
27 30
30 31
31 32
30 33
21 34
34 35
34 36
36 37
37 38
38 39
37 40
40 41
21 42
42 43
43 44
43 45
42 46
46 47
47 48
46 49
42 50
50 51
42 52
52 53
53 54
54 55
55 56
54 57
57 58
53 59
21 60
60 61
61 62
62 63
63 64
62 65
61 66
66 67
67 68
66 69
69 70
60 71
71 72
72 73
73 74
74 75
73 76
76 77
72 78
71 79
79 80
80 81
80 82
79 83
83 84
84 85
83 86
79 87
87 88
79 89
89 90
90 91
91 92
90 93
93 94
94 95
95 96
94 97
97 98
60 99
99 100
100 101
101 102
100 103
103 104
21 105
105 106
106 107
105 108
108 109
1 110
110 111
111 112
112 113
111 114
114 115
114 116
116 117
111 118
118 119
118 120
120 121
121 122
111 123
123 124
123 125
111 126
126 127
127 128
126 129
129 130
1 131
131 132
131 133
133 134
134 135
135 136
134 137
137 138
138 139
139 140
138 141
141 142
142 143
143 144
144 145
145 146
144 147
147 148
148 149
147 150
138 151
151 152
151 153
153 154
154 155
155 156
154 157
157 158
138 159
159 160
160 161
160 162
159 163
163 164
164 165
163 166
159 167
167 168
159 169
169 170
170 171
171 172
172 173
171 174
174 175
170 176
138 177
177 178
178 179
179 180
180 181
179 182
178 183
183 184
184 185
183 186
186 187
177 188
188 189
189 190
190 191
191 192
190 193
193 194
189 195
188 196
196 197
197 198
197 199
196 200
200 201
201 202
200 203
196 204
204 205
196 206
206 207
207 208
208 209
207 210
210 211
211 212
212 213
211 214
214 215
177 216
216 217
217 218
218 219
217 220
220 221
138 222
222 223
223 224
222 225
225 226
1 227
227 228
228 229
229 230
228 231
231 232
231 233
233 234
228 235
235 236
235 237
237 238
238 239
228 240
240 241
240 242
228 243
243 244
244 245
243 246
246 247
1 248
248 249
248 250
250 251
251 252
252 253
251 254
254 255
255 256
256 257
255 258
258 259
259 260
260 261
261 262
262 263
261 264
264 265
265 266
264 267
255 268
268 269
268 270
270 271
271 272
272 273
271 274
274 275
255 276
276 277
277 278
277 279
276 280
280 281
281 282
280 283
276 284
284 285
276 286
286 287
287 288
288 289
289 290
288 291
291 292
287 293
255 294
294 295
295 296
296 297
295 298
294 299
299 300
300 301
301 302
302 303
301 304
304 305
300 306
299 307
307 308
308 309
308 310
307 311
311 312
312 313
311 314
307 315
315 316
307 317
317 318
318 319
319 320
318 321
321 322
322 323
323 324
322 325
325 326
294 327
327 328
328 329
329 330
328 331
331 332
255 333
333 334
334 335
333 336
336 337
1 338
338 339
339 340
340 341
339 342
342 343
342 344
344 345
339 346
346 347
346 348
339 349
349 350
349 351
339 352
352 353
353 354
352 355
355 356
1 357
357 358
358 359
359 360
360 361
358 362
362 363
363 364
358 365
365 366
366 367
