1 2
2 3
3 4
4 5
4 6
3 7
7 8
3 9
9 10
9 11
11 12
3 13
13 14
14 15
14 16
13 17
17 18
18 19
17 20
13 21
21 22
13 23
23 24
24 25
24 26
26 27
27 28
3 29
29 30
30 31
30 32
29 33
33 34
34 35
33 36
29 37
37 38
29 39
39 40
40 41
41 42
40 43
43 44
44 45
45 46
46 47
47 48
46 49
49 50
50 51
49 52
40 53
53 54
53 55
55 56
56 57
57 58
56 59
59 60
40 61
61 62
62 63
62 64
61 65
65 66
66 67
65 68
61 69
69 70
61 71
71 72
72 73
73 74
74 75
73 76
76 77
72 78
40 79
79 80
80 81
81 82
82 83
81 84
80 85
85 86
86 87
85 88
88 89
79 90
90 91
91 92
92 93
93 94
92 95
95 96
91 97
90 98
98 99
99 100
99 101
98 102
102 103
103 104
102 105
98 106
106 107
98 108
108 109
109 110
110 111
109 112
112 113
113 114
114 115
113 116
116 117
79 118
118 119
119 120
120 121
119 122
122 123
40 124
124 125
125 126
124 127
127 128
1 129
129 130
130 131
131 132
131 133
130 134
134 135
130 136
136 137
136 138
138 139
130 140
140 141
141 142
141 143
140 144
144 145
145 146
144 147
140 148
148 149
140 150
150 151
151 152
151 153
130 154
154 155
155 156
155 157
154 158
158 159
159 160
158 161
154 162
162 163
154 164
164 165
165 166
166 167
165 168
168 169
169 170
170 171
171 172
172 173
171 174
174 175
175 176
174 177
165 178
178 179
178 180
180 181
181 182
182 183
181 184
184 185
165 186
186 187
187 188
187 189
186 190
190 191
191 192
190 193
186 194
194 195
186 196
196 197
197 198
198 199
199 200
198 201
201 202
197 203
165 204
204 205
205 206
206 207
205 208
204 209
209 210
210 211
211 212
212 213
211 214
214 215
210 216
209 217
217 218
218 219
218 220
217 221
221 222
222 223
221 224
217 225
225 226
217 227
227 228
228 229
229 230
228 231
231 232
232 233
233 234
232 235
235 236
204 237
237 238
238 239
239 240
238 241
241 242
165 243
243 244
244 245
243 246
246 247
1 248
248 249
249 250
250 251
251 252
249 253
253 254
254 255
