1 2
2 3
3 4
4 5
3 6
6 7
6 8
8 9
3 10
10 11
10 12
12 13
13 14
13 15
15 16
15 17
12 18
12 19
19 20
20 21
21 22
20 23
23 24
12 25
3 26
26 27
26 28
28 29
29 30
29 31
31 32
32 33
31 34
34 35
28 36
28 37
37 38
38 39
39 40
38 41
41 42
42 43
43 44
44 45
45 46
44 47
47 48
48 49
47 50
38 51
51 52
51 53
53 54
54 55
55 56
54 57
57 58
38 59
59 60
60 61
60 62
59 63
63 64
64 65
63 66
59 67
67 68
59 69
69 70
70 71
71 72
72 73
71 74
74 75
70 76
38 77
77 78
78 79
79 80
80 81
79 82
78 83
83 84
84 85
83 86
86 87
77 88
88 89
89 90
90 91
91 92
90 93
93 94
89 95
88 96
96 97
97 98
97 99
96 100
100 101
101 102
100 103
96 104
104 105
96 106
106 107
107 108
108 109
107 110
110 111
111 112
112 113
111 114
114 115
77 116
116 117
117 118
118 119
117 120
120 121
38 122
122 123
123 124
122 125
125 126
28 127
1 128
128 129
129 130
130 131
129 132
132 133
132 134
134 135
129 136
136 137
136 138
138 139
139 140
139 141
141 142
141 143
138 144
138 145
145 146
146 147
147 148
146 149
149 150
138 151
129 152
152 153
152 154
154 155
155 156
155 157
157 158
158 159
157 160
160 161
161 162
162 163
163 164
164 165
163 166
166 167
167 168
166 169
157 170
170 171
170 172
172 173
173 174
174 175
173 176
176 177
157 178
178 179
179 180
179 181
178 182
182 183
183 184
182 185
178 186
186 187
178 188
188 189
189 190
190 191
191 192
190 193
193 194
189 195
157 196
196 197
197 198
198 199
199 200
198 201
197 202
202 203
203 204
202 205
205 206
196 207
207 208
208 209
209 210
210 211
209 212
212 213
208 214
207 215
215 216
216 217
216 218
215 219
219 220
220 221
219 222
215 223
223 224
215 225
225 226
226 227
227 228
226 229
229 230
230 231
231 232
230 233
233 234
196 235
235 236
236 237
237 238
236 239
239 240
157 241
241 242
242 243
241 244
244 245
154 246
154 247
247 248
248 249
249 250
248 251
251 252
154 253
1 254
254 255
255 256
256 257
255 258
258 259
258 260
260 261
255 262
262 263
262 264
264 265
265 266
265 267
267 268
268 269
267 270
270 271
264 272
264 273
273 274
274 275
274 276
264 277
255 278
278 279
278 280
280 281
281 282
281 283
283 284
284 285
283 286
286 287
287 288
288 289
289 290
290 291
289 292
292 293
293 294
292 295
283 296
296 297
296 298
298 299
299 300
300 301
299 302
302 303
283 304
304 305
305 306
305 307
304 308
308 309
309 310
308 311
304 312
312 313
304 314
314 315
315 316
316 317
317 318
316 319
319 320
315 321
283 322
322 323
323 324
324 325
323 326
322 327
327 328
328 329
329 330
330 331
329 332
332 333
328 334
327 335
335 336
336 337
336 338
335 339
339 340
340 341
339 342
335 343
343 344
335 345
345 346
346 347
347 348
346 349
349 350
350 351
351 352
350 353
353 354
322 355
355 356
356 357
357 358
356 359
359 360
283 361
361 362
362 363
361 364
364 365
280 366
280 367
367 368
368 369
369 370
368 371
371 372
280 373
1 374
374 375
375 376
376 377
375 378
378 379
378 380
380 381
375 382
382 383
382 384
384 385
385 386
385 387
387 388
387 389
384 390
384 391
391 392
392 393
393 394
392 395
395 396
384 397
375 398
398 399
398 400
400 401
401 402
401 403
403 404
404 405
403 406
406 407
407 408
408 409
409 410
410 411
409 412
412 413
413 414
412 415
403 416
416 417
416 418
418 419
419 420
420 421
419 422
422 423
403 424
424 425
425 426
425 427
424 428
428 429
429 430
428 431
424 432
432 433
424 434
434 435
435 436
436 437
437 438
436 439
439 440
435 441
403 442
442 443
443 444
444 445
443 446
442 447
447 448
448 449
449 450
450 451
449 452
452 453
448 454
447 455
455 456
456 457
456 458
455 459
459 460
460 461
459 462
455 463
463 464
455 465
465 466
466 467
467 468
466 469
469 470
470 471
471 472
470 473
473 474
442 475
475 476
476 477
477 478
476 479
479 480
403 481
481 482
482 483
481 484
484 485
400 486
400 487
487 488
488 489
489 490
488 491
491 492
400 493
1 494
494 495
495 496
496 497
497 498
495 499
499 500
500 501
495 502
502 503
503 504
495 505
505 506
506 507
