1 2
2 3
3 4
4 5
3 6
6 7
6 8
8 9
3 10
10 11
11 12
12 13
10 14
14 15
15 16
15 17
17 18
18 19
3 20
20 21
21 22
22 23
20 24
24 25
25 26
26 27
25 28
28 29
20 30
30 31
31 32
32 33
31 34
34 35
35 36
36 37
37 38
38 39
37 40
40 41
41 42
40 43
31 44
44 45
44 46
46 47
47 48
48 49
47 50
50 51
31 52
52 53
53 54
53 55
52 56
56 57
57 58
56 59
52 60
60 61
52 62
62 63
63 64
64 65
65 66
64 67
67 68
63 69
31 70
70 71
71 72
72 73
73 74
72 75
71 76
76 77
77 78
76 79
79 80
70 81
81 82
82 83
83 84
84 85
83 86
86 87
82 88
81 89
89 90
90 91
90 92
89 93
93 94
94 95
93 96
89 97
97 98
89 99
99 100
100 101
101 102
100 103
103 104
104 105
105 106
104 107
107 108
70 109
109 110
110 111
111 112
110 113
113 114
31 115
115 116
116 117
115 118
118 119
1 120
120 121
121 122
122 123
121 124
124 125
124 126
126 127
121 128
128 129
129 130
130 131
128 132
132 133
133 134
133 135
135 136
136 137
121 138
138 139
139 140
140 141
138 142
142 143
143 144
144 145
143 146
146 147
147 148
148 149
149 150
150 151
149 152
152 153
153 154
152 155
143 156
156 157
156 158
158 159
159 160
160 161
159 162
162 163
143 164
164 165
165 166
165 167
164 168
168 169
169 170
168 171
164 172
172 173
164 174
174 175
175 176
176 177
177 178
176 179
179 180
175 181
143 182
182 183
183 184
184 185
185 186
184 187
183 188
188 189
189 190
188 191
191 192
182 193
193 194
194 195
195 196
196 197
195 198
198 199
194 200
193 201
201 202
202 203
202 204
201 205
205 206
206 207
205 208
201 209
209 210
201 211
211 212
212 213
213 214
212 215
215 216
216 217
217 218
216 219
219 220
182 221
221 222
222 223
223 224
222 225
225 226
143 227
227 228
228 229
227 230
230 231
1 232
232 233
233 234
234 235
233 236
236 237
236 238
238 239
233 240
240 241
241 242
242 243
240 244
244 245
245 246
246 247
245 248
248 249
240 250
250 251
251 252
251 253
233 254
254 255
255 256
256 257
254 258
258 259
259 260
260 261
259 262
262 263
263 264
264 265
265 266
266 267
265 268
268 269
269 270
268 271
259 272
272 273
272 274
274 275
275 276
276 277
275 278
278 279
259 280
280 281
281 282
281 283
280 284
284 285
285 286
284 287
280 288
288 289
280 290
290 291
291 292
292 293
293 294
292 295
295 296
291 297
259 298
298 299
299 300
300 301
299 302
298 303
303 304
304 305
305 306
306 307
305 308
308 309
304 310
303 311
311 312
312 313
312 314
311 315
315 316
316 317
315 318
311 319
319 320
311 321
321 322
322 323
323 324
322 325
325 326
326 327
327 328
326 329
329 330
298 331
331 332
332 333
333 334
332 335
335 336
259 337
337 338
338 339
337 340
340 341
1 342
342 343
343 344
344 345
343 346
346 347
346 348
348 349
343 350
350 351
351 352
352 353
350 354
354 355
355 356
355 357
343 358
358 359
359 360
360 361
358 362
362 363
363 364
364 365
363 366
366 367
367 368
368 369
369 370
370 371
369 372
372 373
373 374
372 375
363 376
376 377
376 378
378 379
379 380
380 381
379 382
382 383
363 384
384 385
385 386
385 387
384 388
388 389
389 390
388 391
384 392
392 393
384 394
394 395
395 396
396 397
397 398
396 399
399 400
395 401
363 402
402 403
403 404
404 405
403 406
402 407
407 408
408 409
409 410
410 411
409 412
412 413
408 414
407 415
415 416
416 417
416 418
415 419
419 420
420 421
419 422
415 423
423 424
415 425
425 426
426 427
427 428
426 429
429 430
430 431
431 432
430 433
433 434
402 435
435 436
436 437
437 438
436 439
439 440
363 441
441 442
442 443
441 444
444 445
1 446
446 447
447 448
448 449
449 450
447 451
451 452
452 453
447 454
454 455
455 456
447 457
457 458
458 459
