1 2
2 3
3 4
4 5
4 6
3 7
7 8
3 9
9 10
9 11
11 12
3 13
13 14
14 15
14 16
13 17
17 18
18 19
17 20
13 21
21 22
13 23
23 24
24 25
24 26
3 27
27 28
28 29
28 30
27 31
31 32
32 33
31 34
27 35
35 36
27 37
37 38
38 39
39 40
38 41
41 42
42 43
43 44
44 45
45 46
44 47
47 48
48 49
47 50
38 51
51 52
51 53
53 54
54 55
55 56
54 57
57 58
38 59
59 60
60 61
60 62
59 63
63 64
64 65
63 66
59 67
67 68
59 69
69 70
70 71
71 72
72 73
71 74
74 75
70 76
38 77
77 78
78 79
79 80
80 81
79 82
78 83
83 84
84 85
83 86
86 87
77 88
88 89
89 90
90 91
91 92
90 93
93 94
89 95
88 96
96 97
97 98
97 99
96 100
100 101
101 102
100 103
96 104
104 105
96 106
106 107
107 108
108 109
107 110
110 111
111 112
112 113
111 114
114 115
77 116
116 117
117 118
118 119
117 120
120 121
38 122
122 123
123 124
122 125
125 126
1 127
127 128
128 129
129 130
129 131
128 132
132 133
128 134
134 135
134 136
136 137
128 138
138 139
139 140
139 141
138 142
142 143
143 144
142 145
138 146
146 147
138 148
148 149
149 150
149 151
128 152
152 153
153 154
153 155
152 156
156 157
157 158
156 159
152 160
160 161
152 162
162 163
163 164
164 165
163 166
166 167
167 168
168 169
169 170
170 171
169 172
172 173
173 174
172 175
163 176
176 177
176 178
178 179
179 180
180 181
179 182
182 183
163 184
184 185
185 186
185 187
184 188
188 189
189 190
188 191
184 192
192 193
184 194
194 195
195 196
196 197
197 198
196 199
199 200
195 201
163 202
202 203
203 204
204 205
203 206
202 207
207 208
208 209
209 210
210 211
209 212
212 213
208 214
207 215
215 216
216 217
216 218
215 219
219 220
220 221
219 222
215 223
223 224
215 225
225 226
226 227
227 228
226 229
229 230
230 231
231 232
230 233
233 234
202 235
235 236
236 237
237 238
236 239
239 240
163 241
241 242
242 243
241 244
244 245
1 246
246 247
247 248
248 249
249 250
247 251
251 252
252 253
