1 2
2 3
1 4
4 5
1 6
6 7
1 8
8 9
8 10
10 11
11 12
12 13
11 14
14 15
15 16
16 17
15 18
18 19
11 20
20 21
21 22
22 23
21 24
24 25
25 26
26 27
27 28
28 29
27 30
30 31
31 32
30 33
21 34
34 35
34 36
36 37
37 38
38 39
37 40
40 41
21 42
42 43
43 44
43 45
42 46
46 47
47 48
46 49
42 50
50 51
42 52
52 53
53 54
54 55
55 56
54 57
57 58
53 59
21 60
60 61
61 62
62 63
63 64
62 65
61 66
66 67
67 68
66 69
69 70
60 71
71 72
72 73
73 74
74 75
73 76
76 77
72 78
71 79
79 80
80 81
80 82
79 83
83 84
84 85
83 86
79 87
87 88
79 89
89 90
90 91
91 92
90 93
93 94
94 95
95 96
94 97
97 98
60 99
99 100
100 101
101 102
100 103
103 104
21 105
105 106
106 107
105 108
108 109
1 110
110 111
111 112
112 113
111 114
114 115
114 116
116 117
111 118
118 119
118 120
111 121
121 122
121 123
111 124
124 125
125 126
124 127
127 128
1 129
129 130
129 131
131 132
132 133
133 134
132 135
135 136
136 137
137 138
136 139
139 140
140 141
141 142
142 143
143 144
142 145
145 146
146 147
145 148
136 149
149 150
149 151
151 152
152 153
153 154
152 155
155 156
136 157
157 158
158 159
158 160
157 161
161 162
162 163
161 164
157 165
165 166
157 167
167 168
168 169
169 170
170 171
169 172
172 173
168 174
136 175
175 176
176 177
177 178
178 179
177 180
176 181
181 182
182 183
181 184
184 185
175 186
186 187
187 188
188 189
189 190
188 191
191 192
187 193
186 194
194 195
195 196
195 197
194 198
198 199
199 200
198 201
194 202
202 203
194 204
204 205
205 206
206 207
205 208
208 209
209 210
210 211
209 212
212 213
175 214
214 215
215 216
216 217
215 218
218 219
136 220
220 221
221 222
220 223
223 224
1 225
225 226
226 227
227 228
226 229
229 230
229 231
231 232
226 233
233 234
233 235
226 236
236 237
236 238
226 239
239 240
240 241
239 242
242 243
1 244
244 245
244 246
246 247
247 248
248 249
247 250
250 251
251 252
252 253
251 254
254 255
255 256
256 257
257 258
258 259
257 260
260 261
261 262
260 263
251 264
264 265
264 266
266 267
267 268
268 269
267 270
270 271
251 272
272 273
273 274
273 275
272 276
276 277
277 278
276 279
272 280
280 281
272 282
282 283
283 284
284 285
285 286
284 287
287 288
283 289
251 290
290 291
291 292
292 293
291 294
290 295
295 296
296 297
297 298
298 299
297 300
300 301
296 302
295 303
303 304
304 305
304 306
303 307
307 308
308 309
307 310
303 311
311 312
303 313
313 314
314 315
315 316
314 317
317 318
318 319
319 320
318 321
321 322
290 323
323 324
324 325
325 326
324 327
327 328
251 329
329 330
330 331
329 332
332 333
1 334
334 335
335 336
336 337
335 338
338 339
338 340
340 341
335 342
342 343
342 344
335 345
345 346
345 347
335 348
348 349
349 350
348 351
351 352
1 353
353 354
354 355
355 356
356 357
354 358
358 359
359 360
354 361
361 362
362 363
