1 2
2 3
3 4
4 5
3 6
6 7
6 8
8 9
3 10
10 11
10 12
12 13
13 14
13 15
15 16
16 17
3 18
18 19
18 20
20 21
21 22
22 23
21 24
24 25
18 26
26 27
27 28
28 29
27 30
30 31
31 32
32 33
33 34
34 35
33 36
36 37
37 38
36 39
27 40
40 41
40 42
42 43
43 44
44 45
43 46
46 47
27 48
48 49
49 50
49 51
48 52
52 53
53 54
52 55
48 56
56 57
48 58
58 59
59 60
60 61
61 62
60 63
63 64
59 65
27 66
66 67
67 68
68 69
69 70
68 71
67 72
72 73
73 74
72 75
75 76
66 77
77 78
78 79
79 80
80 81
79 82
82 83
78 84
77 85
85 86
86 87
86 88
85 89
89 90
90 91
89 92
85 93
93 94
85 95
95 96
96 97
97 98
96 99
99 100
100 101
101 102
100 103
103 104
66 105
105 106
106 107
107 108
106 109
109 110
27 111
111 112
112 113
111 114
114 115
1 116
116 117
117 118
118 119
117 120
120 121
120 122
122 123
117 124
124 125
124 126
126 127
127 128
127 129
129 130
130 131
117 132
132 133
132 134
134 135
135 136
136 137
135 138
138 139
139 140
140 141
141 142
142 143
141 144
144 145
145 146
144 147
135 148
148 149
148 150
150 151
151 152
152 153
151 154
154 155
135 156
156 157
157 158
157 159
156 160
160 161
161 162
160 163
156 164
164 165
156 166
166 167
167 168
168 169
169 170
168 171
171 172
167 173
135 174
174 175
175 176
176 177
177 178
176 179
175 180
180 181
181 182
180 183
183 184
174 185
185 186
186 187
187 188
188 189
187 190
190 191
186 192
185 193
193 194
194 195
194 196
193 197
197 198
198 199
197 200
193 201
201 202
193 203
203 204
204 205
205 206
204 207
207 208
208 209
209 210
208 211
211 212
174 213
213 214
214 215
215 216
214 217
217 218
135 219
219 220
220 221
219 222
222 223
1 224
224 225
225 226
226 227
225 228
228 229
228 230
230 231
225 232
232 233
232 234
234 235
235 236
236 237
235 238
238 239
232 240
240 241
241 242
241 243
225 244
244 245
244 246
246 247
247 248
248 249
247 250
250 251
251 252
252 253
253 254
254 255
253 256
256 257
257 258
256 259
247 260
260 261
260 262
262 263
263 264
264 265
263 266
266 267
247 268
268 269
269 270
269 271
268 272
272 273
273 274
272 275
268 276
276 277
268 278
278 279
279 280
280 281
281 282
280 283
283 284
279 285
247 286
286 287
287 288
288 289
287 290
286 291
291 292
292 293
293 294
294 295
293 296
296 297
292 298
291 299
299 300
300 301
300 302
299 303
303 304
304 305
303 306
299 307
307 308
299 309
309 310
310 311
311 312
310 313
313 314
314 315
315 316
314 317
317 318
286 319
319 320
320 321
321 322
320 323
323 324
247 325
325 326
326 327
325 328
328 329
1 330
330 331
331 332
332 333
331 334
334 335
334 336
336 337
331 338
338 339
338 340
340 341
341 342
341 343
331 344
344 345
344 346
346 347
347 348
348 349
347 350
350 351
351 352
352 353
353 354
354 355
353 356
356 357
357 358
356 359
347 360
360 361
360 362
362 363
363 364
364 365
363 366
366 367
347 368
368 369
369 370
369 371
368 372
372 373
373 374
372 375
368 376
376 377
368 378
378 379
379 380
380 381
381 382
380 383
383 384
379 385
347 386
386 387
387 388
388 389
387 390
386 391
391 392
392 393
393 394
394 395
393 396
396 397
392 398
391 399
399 400
400 401
400 402
399 403
403 404
404 405
403 406
399 407
407 408
399 409
409 410
410 411
411 412
410 413
413 414
414 415
415 416
414 417
417 418
386 419
419 420
420 421
421 422
420 423
423 424
347 425
425 426
426 427
425 428
428 429
1 430
430 431
431 432
432 433
433 434
431 435
435 436
436 437
431 438
438 439
439 440
431 441
441 442
442 443
