1 2
2 3
3 4
4 5
3 6
6 7
6 8
8 9
3 10
10 11
3 12
12 13
13 14
13 15
3 16
16 17
3 18
18 19
19 20
20 21
19 22
22 23
23 24
24 25
25 26
26 27
25 28
28 29
29 30
28 31
19 32
32 33
32 34
34 35
35 36
36 37
35 38
38 39
19 40
40 41
41 42
41 43
40 44
44 45
45 46
44 47
40 48
48 49
40 50
50 51
51 52
52 53
53 54
52 55
55 56
51 57
19 58
58 59
59 60
60 61
61 62
60 63
59 64
64 65
65 66
64 67
67 68
58 69
69 70
70 71
71 72
72 73
71 74
74 75
70 76
69 77
77 78
78 79
78 80
77 81
81 82
82 83
81 84
77 85
85 86
77 87
87 88
88 89
89 90
88 91
91 92
92 93
93 94
92 95
95 96
58 97
97 98
98 99
99 100
98 101
101 102
19 103
103 104
104 105
103 106
106 107
1 108
108 109
109 110
110 111
109 112
112 113
112 114
114 115
109 116
116 117
109 118
118 119
119 120
119 121
109 122
122 123
109 124
124 125
125 126
126 127
125 128
128 129
129 130
130 131
131 132
132 133
131 134
134 135
135 136
134 137
125 138
138 139
138 140
140 141
141 142
142 143
141 144
144 145
125 146
146 147
147 148
147 149
146 150
150 151
151 152
150 153
146 154
154 155
146 156
156 157
157 158
158 159
159 160
158 161
161 162
157 163
125 164
164 165
165 166
166 167
165 168
164 169
169 170
170 171
171 172
172 173
171 174
174 175
170 176
169 177
177 178
178 179
178 180
177 181
181 182
182 183
181 184
177 185
185 186
177 187
187 188
188 189
189 190
188 191
191 192
192 193
193 194
192 195
195 196
164 197
197 198
198 199
199 200
198 201
201 202
125 203
203 204
204 205
203 206
206 207
1 208
208 209
209 210
210 211
211 212
209 213
213 214
214 215
