1 2
2 3
3 4
4 5
3 6
6 7
6 8
8 9
3 10
10 11
11 12
12 13
10 14
14 15
15 16
15 17
17 18
18 19
10 20
20 21
21 22
21 23
23 24
24 25
3 26
26 27
27 28
28 29
26 30
30 31
31 32
32 33
31 34
34 35
35 36
36 37
37 38
38 39
37 40
40 41
41 42
40 43
31 44
44 45
44 46
46 47
47 48
48 49
47 50
50 51
31 52
52 53
53 54
53 55
52 56
56 57
57 58
56 59
52 60
60 61
52 62
62 63
63 64
64 65
65 66
64 67
67 68
63 69
31 70
70 71
71 72
72 73
73 74
72 75
71 76
76 77
77 78
76 79
79 80
70 81
81 82
82 83
83 84
84 85
83 86
86 87
82 88
81 89
89 90
90 91
90 92
89 93
93 94
94 95
93 96
89 97
97 98
89 99
99 100
100 101
101 102
100 103
103 104
104 105
105 106
104 107
107 108
70 109
109 110
110 111
111 112
110 113
113 114
31 115
115 116
116 117
115 118
118 119
26 120
120 121
121 122
122 123
121 124
124 125
125 126
126 127
127 128
128 129
127 130
130 131
131 132
130 133
121 134
134 135
134 136
136 137
137 138
138 139
137 140
140 141
121 142
142 143
143 144
143 145
142 146
146 147
147 148
146 149
142 150
150 151
142 152
152 153
153 154
154 155
155 156
154 157
157 158
153 159
121 160
160 161
161 162
162 163
163 164
162 165
161 166
166 167
167 168
166 169
169 170
160 171
171 172
172 173
173 174
174 175
173 176
176 177
172 178
171 179
179 180
180 181
180 182
179 183
183 184
184 185
183 186
179 187
187 188
179 189
189 190
190 191
191 192
190 193
193 194
194 195
195 196
194 197
197 198
160 199
199 200
200 201
201 202
200 203
203 204
121 205
205 206
206 207
205 208
208 209
1 210
210 211
211 212
212 213
211 214
214 215
214 216
216 217
211 218
218 219
219 220
220 221
218 222
222 223
223 224
223 225
218 226
226 227
227 228
227 229
211 230
230 231
231 232
232 233
230 234
234 235
235 236
236 237
235 238
238 239
239 240
240 241
241 242
242 243
241 244
244 245
245 246
244 247
235 248
248 249
248 250
250 251
251 252
252 253
251 254
254 255
235 256
256 257
257 258
257 259
256 260
260 261
261 262
260 263
256 264
264 265
256 266
266 267
267 268
268 269
269 270
268 271
271 272
267 273
235 274
274 275
275 276
276 277
275 278
274 279
279 280
280 281
281 282
282 283
281 284
284 285
280 286
279 287
287 288
288 289
288 290
287 291
291 292
292 293
291 294
287 295
295 296
287 297
297 298
298 299
299 300
298 301
301 302
302 303
303 304
302 305
305 306
274 307
307 308
308 309
309 310
308 311
311 312
235 313
313 314
314 315
313 316
316 317
230 318
318 319
319 320
320 321
319 322
322 323
323 324
324 325
325 326
326 327
325 328
328 329
329 330
328 331
319 332
332 333
332 334
334 335
335 336
336 337
335 338
338 339
319 340
340 341
341 342
341 343
340 344
344 345
345 346
344 347
340 348
348 349
340 350
350 351
351 352
352 353
353 354
352 355
355 356
351 357
319 358
358 359
359 360
360 361
359 362
358 363
363 364
364 365
365 366
366 367
365 368
368 369
364 370
363 371
371 372
372 373
372 374
371 375
375 376
376 377
375 378
371 379
379 380
371 381
381 382
382 383
383 384
382 385
385 386
386 387
387 388
386 389
389 390
358 391
391 392
392 393
393 394
392 395
395 396
319 397
397 398
398 399
397 400
400 401
1 402
402 403
403 404
404 405
405 406
403 407
407 408
408 409
