1 2
2 3
3 4
4 5
3 6
6 7
7 8
8 9
3 10
10 11
11 12
12 13
3 14
14 15
14 16
16 17
3 18
18 19
19 20
20 21
21 22
22 23
23 24
18 25
25 26
25 27
18 28
28 29
29 30
30 31
28 32
32 33
3 34
34 35
35 36
36 37
37 38
38 39
39 40
34 41
41 42
42 43
41 44
44 45
45 46
46 47
47 48
48 49
47 50
50 51
51 52
50 53
41 54
54 55
54 56
56 57
57 58
58 59
57 60
60 61
41 62
62 63
63 64
63 65
62 66
66 67
67 68
66 69
62 70
70 71
62 72
72 73
73 74
74 75
75 76
74 77
77 78
73 79
41 80
80 81
81 82
82 83
81 84
80 85
85 86
86 87
87 88
88 89
87 90
90 91
86 92
85 93
93 94
94 95
94 96
93 97
97 98
98 99
97 100
93 101
101 102
93 103
103 104
104 105
105 106
104 107
107 108
108 109
109 110
108 111
111 112
80 113
113 114
114 115
115 116
114 117
117 118
41 119
119 120
120 121
119 122
122 123
1 124
124 125
125 126
126 127
125 128
128 129
129 130
130 131
125 132
132 133
133 134
134 135
125 136
136 137
136 138
138 139
125 140
140 141
141 142
142 143
143 144
144 145
145 146
140 147
147 148
147 149
149 150
150 151
140 152
152 153
153 154
154 155
152 156
156 157
125 158
158 159
159 160
160 161
161 162
162 163
163 164
158 165
165 166
166 167
165 168
168 169
169 170
170 171
171 172
172 173
171 174
174 175
175 176
174 177
165 178
178 179
178 180
180 181
181 182
182 183
181 184
184 185
165 186
186 187
187 188
187 189
186 190
190 191
191 192
190 193
186 194
194 195
186 196
196 197
197 198
198 199
199 200
198 201
201 202
197 203
165 204
204 205
205 206
206 207
207 208
206 209
205 210
210 211
211 212
210 213
213 214
204 215
215 216
216 217
217 218
218 219
217 220
220 221
216 222
215 223
223 224
224 225
224 226
223 227
227 228
228 229
227 230
223 231
231 232
223 233
233 234
234 235
235 236
234 237
237 238
238 239
239 240
238 241
241 242
204 243
243 244
244 245
245 246
244 247
247 248
165 249
249 250
250 251
249 252
252 253
1 254
254 255
255 256
256 257
257 258
255 259
259 260
260 261
