1 2
2 3
2 4
4 5
5 6
5 7
4 8
8 9
9 10
1 11
11 12
12 13
13 14
12 15
15 16
15 17
17 18
12 19
19 20
19 21
21 22
22 23
21 24
24 25
12 26
26 27
27 28
26 29
29 30
30 31
31 32
32 33
33 34
32 35
35 36
36 37
35 38
26 39
39 40
39 41
41 42
42 43
43 44
42 45
45 46
26 47
47 48
48 49
48 50
47 51
51 52
52 53
51 54
47 55
55 56
47 57
57 58
58 59
59 60
60 61
59 62
62 63
58 64
26 65
65 66
66 67
67 68
66 69
65 70
70 71
71 72
72 73
73 74
72 75
75 76
71 77
70 78
78 79
79 80
79 81
78 82
82 83
83 84
82 85
78 86
86 87
78 88
88 89
89 90
90 91
89 92
92 93
93 94
94 95
93 96
96 97
65 98
98 99
99 100
100 101
99 102
102 103
26 104
104 105
105 106
104 107
107 108
1 109
109 110
109 111
111 112
112 113
112 114
111 115
115 116
116 117
1 118
118 119
119 120
120 121
119 122
122 123
122 124
124 125
119 126
126 127
126 128
128 129
129 130
128 131
131 132
119 133
133 134
134 135
133 136
136 137
137 138
138 139
139 140
140 141
139 142
142 143
143 144
142 145
133 146
146 147
146 148
148 149
149 150
150 151
149 152
152 153
133 154
154 155
155 156
155 157
154 158
158 159
159 160
158 161
154 162
162 163
154 164
164 165
165 166
166 167
167 168
166 169
169 170
165 171
133 172
172 173
173 174
174 175
175 176
174 177
173 178
178 179
179 180
178 181
181 182
172 183
183 184
184 185
185 186
186 187
185 188
188 189
184 190
183 191
191 192
192 193
192 194
191 195
195 196
196 197
195 198
191 199
199 200
191 201
201 202
202 203
203 204
202 205
205 206
206 207
207 208
206 209
209 210
172 211
211 212
212 213
213 214
212 215
215 216
133 217
217 218
218 219
217 220
220 221
1 222
222 223
223 224
224 225
225 226
223 227
227 228
228 229
