1 2
2 3
3 4
4 5
1 6
6 7
7 8
8 9
1 10
10 11
11 12
12 13
11 14
14 15
14 16
16 17
11 18
18 19
19 20
20 21
18 22
22 23
23 24
23 25
25 26
26 27
11 28
28 29
29 30
30 31
28 32
32 33
33 34
34 35
33 36
36 37
28 38
38 39
39 40
40 41
39 42
42 43
43 44
44 45
45 46
46 47
45 48
48 49
49 50
48 51
39 52
52 53
52 54
54 55
55 56
56 57
55 58
58 59
39 60
60 61
61 62
61 63
60 64
64 65
65 66
64 67
60 68
68 69
60 70
70 71
71 72
72 73
73 74
72 75
75 76
71 77
39 78
78 79
79 80
80 81
81 82
80 83
79 84
84 85
85 86
84 87
87 88
78 89
89 90
90 91
91 92
92 93
91 94
94 95
90 96
89 97
97 98
98 99
98 100
97 101
101 102
102 103
101 104
97 105
105 106
97 107
107 108
108 109
109 110
108 111
111 112
112 113
113 114
112 115
115 116
78 117
117 118
118 119
119 120
118 121
121 122
39 123
123 124
124 125
123 126
126 127
1 128
128 129
129 130
130 131
129 132
132 133
132 134
134 135
129 136
136 137
137 138
138 139
136 140
140 141
141 142
141 143
143 144
144 145
129 146
146 147
147 148
148 149
146 150
150 151
151 152
152 153
151 154
154 155
155 156
156 157
157 158
158 159
157 160
160 161
161 162
160 163
151 164
164 165
164 166
166 167
167 168
168 169
167 170
170 171
151 172
172 173
173 174
173 175
172 176
176 177
177 178
176 179
172 180
180 181
172 182
182 183
183 184
184 185
185 186
184 187
187 188
183 189
151 190
190 191
191 192
192 193
193 194
192 195
191 196
196 197
197 198
196 199
199 200
190 201
201 202
202 203
203 204
204 205
203 206
206 207
202 208
201 209
209 210
210 211
210 212
209 213
213 214
214 215
213 216
209 217
217 218
209 219
219 220
220 221
221 222
220 223
223 224
224 225
225 226
224 227
227 228
190 229
229 230
230 231
231 232
230 233
233 234
151 235
235 236
236 237
235 238
238 239
1 240
240 241
241 242
242 243
241 244
244 245
244 246
246 247
241 248
248 249
249 250
250 251
248 252
252 253
253 254
254 255
253 256
256 257
248 258
258 259
259 260
259 261
241 262
262 263
263 264
264 265
262 266
266 267
267 268
268 269
267 270
270 271
271 272
272 273
273 274
274 275
273 276
276 277
277 278
276 279
267 280
280 281
280 282
282 283
283 284
284 285
283 286
286 287
267 288
288 289
289 290
289 291
288 292
292 293
293 294
292 295
288 296
296 297
288 298
298 299
299 300
300 301
301 302
300 303
303 304
299 305
267 306
306 307
307 308
308 309
307 310
306 311
311 312
312 313
313 314
314 315
313 316
316 317
312 318
311 319
319 320
320 321
320 322
319 323
323 324
324 325
323 326
319 327
327 328
319 329
329 330
330 331
331 332
330 333
333 334
334 335
335 336
334 337
337 338
306 339
339 340
340 341
341 342
340 343
343 344
267 345
345 346
346 347
345 348
348 349
1 350
350 351
351 352
352 353
351 354
354 355
354 356
356 357
351 358
358 359
359 360
360 361
358 362
362 363
363 364
363 365
351 366
366 367
367 368
368 369
366 370
370 371
371 372
372 373
371 374
374 375
375 376
376 377
377 378
378 379
377 380
380 381
381 382
380 383
371 384
384 385
384 386
386 387
387 388
388 389
387 390
390 391
371 392
392 393
393 394
393 395
392 396
396 397
397 398
396 399
392 400
400 401
392 402
402 403
403 404
404 405
405 406
404 407
407 408
403 409
371 410
410 411
411 412
412 413
411 414
410 415
415 416
416 417
417 418
418 419
417 420
420 421
416 422
415 423
423 424
424 425
424 426
423 427
427 428
428 429
427 430
423 431
431 432
423 433
433 434
434 435
435 436
434 437
437 438
438 439
439 440
438 441
441 442
410 443
443 444
444 445
445 446
444 447
447 448
371 449
449 450
450 451
449 452
452 453
1 454
454 455
455 456
456 457
457 458
455 459
459 460
460 461
455 462
462 463
463 464
455 465
465 466
466 467
