1 2
2 3
3 4
4 5
3 6
6 7
6 8
8 9
3 10
10 11
3 12
12 13
13 14
13 15
15 16
16 17
3 18
18 19
3 20
20 21
21 22
22 23
21 24
24 25
25 26
26 27
27 28
28 29
27 30
30 31
31 32
30 33
21 34
34 35
34 36
36 37
37 38
38 39
37 40
40 41
21 42
42 43
43 44
43 45
42 46
46 47
47 48
46 49
42 50
50 51
42 52
52 53
53 54
54 55
55 56
54 57
57 58
53 59
21 60
60 61
61 62
62 63
63 64
62 65
61 66
66 67
67 68
66 69
69 70
60 71
71 72
72 73
73 74
74 75
73 76
76 77
72 78
71 79
79 80
80 81
80 82
79 83
83 84
84 85
83 86
79 87
87 88
79 89
89 90
90 91
91 92
90 93
93 94
94 95
95 96
94 97
97 98
60 99
99 100
100 101
101 102
100 103
103 104
21 105
105 106
106 107
105 108
108 109
1 110
110 111
111 112
112 113
111 114
114 115
114 116
116 117
111 118
118 119
111 120
120 121
121 122
121 123
111 124
124 125
111 126
126 127
127 128
128 129
127 130
130 131
131 132
132 133
133 134
134 135
133 136
136 137
137 138
136 139
127 140
140 141
140 142
142 143
143 144
144 145
143 146
146 147
127 148
148 149
149 150
149 151
148 152
152 153
153 154
152 155
148 156
156 157
148 158
158 159
159 160
160 161
161 162
160 163
163 164
159 165
127 166
166 167
167 168
168 169
167 170
166 171
171 172
172 173
173 174
174 175
173 176
176 177
172 178
171 179
179 180
180 181
180 182
179 183
183 184
184 185
183 186
179 187
187 188
179 189
189 190
190 191
191 192
190 193
193 194
194 195
195 196
194 197
197 198
166 199
199 200
200 201
201 202
200 203
203 204
127 205
205 206
206 207
205 208
208 209
1 210
210 211
211 212
212 213
213 214
211 215
215 216
216 217
