1 2
2 3
3 4
4 5
3 6
6 7
6 8
8 9
3 10
10 11
10 12
12 13
13 14
13 15
12 16
3 17
17 18
17 19
19 20
20 21
21 22
20 23
23 24
24 25
25 26
26 27
27 28
26 29
29 30
30 31
29 32
20 33
33 34
33 35
35 36
36 37
37 38
36 39
39 40
20 41
41 42
42 43
42 44
41 45
45 46
46 47
45 48
41 49
49 50
41 51
51 52
52 53
53 54
54 55
53 56
56 57
52 58
20 59
59 60
60 61
61 62
62 63
61 64
60 65
65 66
66 67
65 68
68 69
59 70
70 71
71 72
72 73
73 74
72 75
75 76
71 77
70 78
78 79
79 80
79 81
78 82
82 83
83 84
82 85
78 86
86 87
78 88
88 89
89 90
90 91
89 92
92 93
93 94
94 95
93 96
96 97
59 98
98 99
99 100
100 101
99 102
102 103
20 104
104 105
105 106
104 107
107 108
19 109
1 110
110 111
111 112
112 113
111 114
114 115
114 116
116 117
111 118
118 119
118 120
120 121
121 122
121 123
120 124
111 125
125 126
125 127
127 128
128 129
129 130
128 131
131 132
132 133
133 134
134 135
135 136
134 137
137 138
138 139
137 140
128 141
141 142
141 143
143 144
144 145
145 146
144 147
147 148
128 149
149 150
150 151
150 152
149 153
153 154
154 155
153 156
149 157
157 158
149 159
159 160
160 161
161 162
162 163
161 164
164 165
160 166
128 167
167 168
168 169
169 170
168 171
167 172
172 173
173 174
174 175
175 176
174 177
177 178
173 179
172 180
180 181
181 182
181 183
180 184
184 185
185 186
184 187
180 188
188 189
180 190
190 191
191 192
192 193
191 194
194 195
195 196
196 197
195 198
198 199
167 200
200 201
201 202
202 203
201 204
204 205
128 206
206 207
207 208
206 209
209 210
127 211
1 212
212 213
213 214
214 215
215 216
213 217
217 218
218 219
