1 2
2 3
1 4
4 5
5 6
6 7
5 8
8 9
8 10
10 11
5 12
12 13
13 14
14 15
13 16
12 17
17 18
18 19
18 20
20 21
21 22
5 23
23 24
24 25
25 26
24 27
23 28
28 29
29 30
30 31
29 32
32 33
23 34
34 35
35 36
36 37
35 38
38 39
39 40
40 41
41 42
42 43
41 44
44 45
45 46
44 47
35 48
48 49
48 50
50 51
51 52
52 53
51 54
54 55
35 56
56 57
57 58
57 59
56 60
60 61
61 62
60 63
56 64
64 65
56 66
66 67
67 68
68 69
69 70
68 71
71 72
67 73
35 74
74 75
75 76
76 77
77 78
76 79
75 80
80 81
81 82
80 83
83 84
74 85
85 86
86 87
87 88
88 89
87 90
90 91
86 92
85 93
93 94
94 95
94 96
93 97
97 98
98 99
97 100
93 101
101 102
93 103
103 104
104 105
105 106
104 107
107 108
108 109
109 110
108 111
111 112
74 113
113 114
114 115
115 116
114 117
117 118
35 119
119 120
120 121
119 122
122 123
1 124
124 125
125 126
126 127
125 128
128 129
128 130
130 131
125 132
132 133
133 134
134 135
133 136
132 137
137 138
138 139
138 140
140 141
141 142
125 143
143 144
144 145
145 146
144 147
143 148
148 149
149 150
150 151
149 152
152 153
153 154
154 155
155 156
156 157
155 158
158 159
159 160
158 161
149 162
162 163
162 164
164 165
165 166
166 167
165 168
168 169
149 170
170 171
171 172
171 173
170 174
174 175
175 176
174 177
170 178
178 179
170 180
180 181
181 182
182 183
183 184
182 185
185 186
181 187
149 188
188 189
189 190
190 191
191 192
190 193
189 194
194 195
195 196
194 197
197 198
188 199
199 200
200 201
201 202
202 203
201 204
204 205
200 206
199 207
207 208
208 209
208 210
207 211
211 212
212 213
211 214
207 215
215 216
207 217
217 218
218 219
219 220
218 221
221 222
222 223
223 224
222 225
225 226
188 227
227 228
228 229
229 230
228 231
231 232
149 233
233 234
234 235
233 236
236 237
1 238
238 239
239 240
240 241
239 242
242 243
242 244
244 245
239 246
246 247
247 248
248 249
247 250
246 251
251 252
252 253
253 254
252 255
255 256
246 257
257 258
258 259
258 260
239 261
261 262
262 263
263 264
262 265
261 266
266 267
267 268
268 269
267 270
270 271
271 272
272 273
273 274
274 275
273 276
276 277
277 278
276 279
267 280
280 281
280 282
282 283
283 284
284 285
283 286
286 287
267 288
288 289
289 290
289 291
288 292
292 293
293 294
292 295
288 296
296 297
288 298
298 299
299 300
300 301
301 302
300 303
303 304
299 305
267 306
306 307
307 308
308 309
307 310
306 311
311 312
312 313
313 314
314 315
313 316
316 317
312 318
311 319
319 320
320 321
320 322
319 323
323 324
324 325
323 326
319 327
327 328
319 329
329 330
330 331
331 332
330 333
333 334
334 335
335 336
334 337
337 338
306 339
339 340
340 341
341 342
340 343
343 344
267 345
345 346
346 347
345 348
348 349
1 350
350 351
351 352
352 353
351 354
354 355
354 356
356 357
351 358
358 359
359 360
360 361
359 362
358 363
363 364
364 365
364 366
351 367
367 368
368 369
369 370
368 371
367 372
372 373
373 374
374 375
373 376
376 377
377 378
378 379
379 380
380 381
379 382
382 383
383 384
382 385
373 386
386 387
386 388
388 389
389 390
390 391
389 392
392 393
373 394
394 395
395 396
395 397
394 398
398 399
399 400
398 401
394 402
402 403
394 404
404 405
405 406
406 407
407 408
406 409
409 410
405 411
373 412
412 413
413 414
414 415
413 416
412 417
417 418
418 419
419 420
420 421
419 422
422 423
418 424
417 425
425 426
426 427
426 428
425 429
429 430
430 431
429 432
425 433
433 434
425 435
435 436
436 437
437 438
436 439
439 440
440 441
441 442
440 443
443 444
412 445
445 446
446 447
447 448
446 449
449 450
373 451
451 452
452 453
451 454
454 455
1 456
456 457
457 458
458 459
459 460
457 461
461 462
462 463
457 464
464 465
465 466
457 467
467 468
468 469
