1 2
2 3
1 4
4 5
1 6
6 7
7 8
8 9
7 10
10 11
10 12
12 13
7 14
14 15
15 16
14 17
17 18
18 19
18 20
20 21
21 22
7 23
23 24
24 25
23 26
26 27
27 28
28 29
27 30
30 31
23 32
32 33
33 34
34 35
33 36
36 37
37 38
38 39
39 40
40 41
39 42
42 43
43 44
42 45
33 46
46 47
46 48
48 49
49 50
50 51
49 52
52 53
33 54
54 55
55 56
55 57
54 58
58 59
59 60
58 61
54 62
62 63
54 64
64 65
65 66
66 67
67 68
66 69
69 70
65 71
33 72
72 73
73 74
74 75
75 76
74 77
73 78
78 79
79 80
78 81
81 82
72 83
83 84
84 85
85 86
86 87
85 88
88 89
84 90
83 91
91 92
92 93
92 94
91 95
95 96
96 97
95 98
91 99
99 100
91 101
101 102
102 103
103 104
102 105
105 106
106 107
107 108
106 109
109 110
72 111
111 112
112 113
113 114
112 115
115 116
33 117
117 118
118 119
117 120
120 121
1 122
122 123
123 124
124 125
123 126
126 127
126 128
128 129
123 130
130 131
131 132
130 133
133 134
134 135
134 136
136 137
137 138
123 139
139 140
140 141
139 142
142 143
143 144
144 145
143 146
146 147
147 148
148 149
149 150
150 151
149 152
152 153
153 154
152 155
143 156
156 157
156 158
158 159
159 160
160 161
159 162
162 163
143 164
164 165
165 166
165 167
164 168
168 169
169 170
168 171
164 172
172 173
164 174
174 175
175 176
176 177
177 178
176 179
179 180
175 181
143 182
182 183
183 184
184 185
185 186
184 187
183 188
188 189
189 190
188 191
191 192
182 193
193 194
194 195
195 196
196 197
195 198
198 199
194 200
193 201
201 202
202 203
202 204
201 205
205 206
206 207
205 208
201 209
209 210
201 211
211 212
212 213
213 214
212 215
215 216
216 217
217 218
216 219
219 220
182 221
221 222
222 223
223 224
222 225
225 226
143 227
227 228
228 229
227 230
230 231
1 232
232 233
233 234
234 235
233 236
236 237
236 238
238 239
233 240
240 241
241 242
240 243
243 244
244 245
245 246
244 247
247 248
240 249
249 250
250 251
250 252
233 253
253 254
254 255
253 256
256 257
257 258
258 259
257 260
260 261
261 262
262 263
263 264
264 265
263 266
266 267
267 268
266 269
257 270
270 271
270 272
272 273
273 274
274 275
273 276
276 277
257 278
278 279
279 280
279 281
278 282
282 283
283 284
282 285
278 286
286 287
278 288
288 289
289 290
290 291
291 292
290 293
293 294
289 295
257 296
296 297
297 298
298 299
297 300
296 301
301 302
302 303
303 304
304 305
303 306
306 307
302 308
301 309
309 310
310 311
310 312
309 313
313 314
314 315
313 316
309 317
317 318
309 319
319 320
320 321
321 322
320 323
323 324
324 325
325 326
324 327
327 328
296 329
329 330
330 331
331 332
330 333
333 334
257 335
335 336
336 337
335 338
338 339
1 340
340 341
341 342
342 343
341 344
344 345
344 346
346 347
341 348
348 349
349 350
348 351
351 352
352 353
352 354
341 355
355 356
356 357
355 358
358 359
359 360
360 361
359 362
362 363
363 364
364 365
365 366
366 367
365 368
368 369
369 370
368 371
359 372
372 373
372 374
374 375
375 376
376 377
375 378
378 379
359 380
380 381
381 382
381 383
380 384
384 385
385 386
384 387
380 388
388 389
380 390
390 391
391 392
392 393
393 394
392 395
395 396
391 397
359 398
398 399
399 400
400 401
399 402
398 403
403 404
404 405
405 406
406 407
405 408
408 409
404 410
403 411
411 412
412 413
412 414
411 415
415 416
416 417
415 418
411 419
419 420
411 421
421 422
422 423
423 424
422 425
425 426
426 427
427 428
426 429
429 430
398 431
431 432
432 433
433 434
432 435
435 436
359 437
437 438
438 439
437 440
440 441
1 442
442 443
443 444
444 445
445 446
443 447
447 448
448 449
443 450
450 451
451 452
443 453
453 454
454 455
