1 2
2 3
3 4
4 5
3 6
6 7
6 8
8 9
3 10
10 11
11 12
12 13
10 14
14 15
15 16
15 17
3 18
18 19
19 20
20 21
18 22
22 23
23 24
24 25
23 26
26 27
18 28
28 29
29 30
30 31
29 32
32 33
33 34
34 35
35 36
36 37
35 38
38 39
39 40
38 41
29 42
42 43
42 44
44 45
45 46
46 47
45 48
48 49
29 50
50 51
51 52
51 53
50 54
54 55
55 56
54 57
50 58
58 59
50 60
60 61
61 62
62 63
63 64
62 65
65 66
61 67
29 68
68 69
69 70
70 71
71 72
70 73
69 74
74 75
75 76
74 77
77 78
68 79
79 80
80 81
81 82
82 83
81 84
84 85
80 86
79 87
87 88
88 89
88 90
87 91
91 92
92 93
91 94
87 95
95 96
87 97
97 98
98 99
99 100
98 101
101 102
102 103
103 104
102 105
105 106
68 107
107 108
108 109
109 110
108 111
111 112
29 113
113 114
114 115
113 116
116 117
1 118
118 119
119 120
120 121
119 122
122 123
122 124
124 125
119 126
126 127
127 128
128 129
126 130
130 131
131 132
131 133
119 134
134 135
135 136
136 137
134 138
138 139
139 140
140 141
139 142
142 143
143 144
144 145
145 146
146 147
145 148
148 149
149 150
148 151
139 152
152 153
152 154
154 155
155 156
156 157
155 158
158 159
139 160
160 161
161 162
161 163
160 164
164 165
165 166
164 167
160 168
168 169
160 170
170 171
171 172
172 173
173 174
172 175
175 176
171 177
139 178
178 179
179 180
180 181
181 182
180 183
179 184
184 185
185 186
184 187
187 188
178 189
189 190
190 191
191 192
192 193
191 194
194 195
190 196
189 197
197 198
198 199
198 200
197 201
201 202
202 203
201 204
197 205
205 206
197 207
207 208
208 209
209 210
208 211
211 212
212 213
213 214
212 215
215 216
178 217
217 218
218 219
219 220
218 221
221 222
139 223
223 224
224 225
223 226
226 227
1 228
228 229
229 230
230 231
229 232
232 233
232 234
234 235
229 236
236 237
237 238
238 239
236 240
240 241
241 242
242 243
241 244
244 245
236 246
246 247
247 248
247 249
229 250
250 251
251 252
252 253
250 254
254 255
255 256
256 257
255 258
258 259
259 260
260 261
261 262
262 263
261 264
264 265
265 266
264 267
255 268
268 269
268 270
270 271
271 272
272 273
271 274
274 275
255 276
276 277
277 278
277 279
276 280
280 281
281 282
280 283
276 284
284 285
276 286
286 287
287 288
288 289
289 290
288 291
291 292
287 293
255 294
294 295
295 296
296 297
295 298
294 299
299 300
300 301
301 302
302 303
301 304
304 305
300 306
299 307
307 308
308 309
308 310
307 311
311 312
312 313
311 314
307 315
315 316
307 317
317 318
318 319
319 320
318 321
321 322
322 323
323 324
322 325
325 326
294 327
327 328
328 329
329 330
328 331
331 332
255 333
333 334
334 335
333 336
336 337
1 338
338 339
339 340
340 341
339 342
342 343
342 344
344 345
339 346
346 347
347 348
348 349
346 350
350 351
351 352
351 353
339 354
354 355
355 356
356 357
354 358
358 359
359 360
360 361
359 362
362 363
363 364
364 365
365 366
366 367
365 368
368 369
369 370
368 371
359 372
372 373
372 374
374 375
375 376
376 377
375 378
378 379
359 380
380 381
381 382
381 383
380 384
384 385
385 386
384 387
380 388
388 389
380 390
390 391
391 392
392 393
393 394
392 395
395 396
391 397
359 398
398 399
399 400
400 401
399 402
398 403
403 404
404 405
405 406
406 407
405 408
408 409
404 410
403 411
411 412
412 413
412 414
411 415
415 416
416 417
415 418
411 419
419 420
411 421
421 422
422 423
423 424
422 425
425 426
426 427
427 428
426 429
429 430
398 431
431 432
432 433
433 434
432 435
435 436
359 437
437 438
438 439
437 440
440 441
1 442
442 443
443 444
444 445
445 446
443 447
447 448
448 449
443 450
450 451
451 452
443 453
453 454
454 455
