1 2
2 3
3 4
4 5
3 6
6 7
6 8
8 9
3 10
10 11
10 12
12 13
13 14
13 15
15 16
16 17
12 18
3 19
19 20
19 21
21 22
22 23
23 24
22 25
25 26
26 27
27 28
28 29
29 30
28 31
31 32
32 33
31 34
22 35
35 36
35 37
37 38
38 39
39 40
38 41
41 42
22 43
43 44
44 45
44 46
43 47
47 48
48 49
47 50
43 51
51 52
43 53
53 54
54 55
55 56
56 57
55 58
58 59
54 60
22 61
61 62
62 63
63 64
64 65
63 66
62 67
67 68
68 69
67 70
70 71
61 72
72 73
73 74
74 75
75 76
74 77
77 78
73 79
72 80
80 81
81 82
81 83
80 84
84 85
85 86
84 87
80 88
88 89
80 90
90 91
91 92
92 93
91 94
94 95
95 96
96 97
95 98
98 99
61 100
100 101
101 102
102 103
101 104
104 105
22 106
106 107
107 108
106 109
109 110
21 111
1 112
112 113
113 114
114 115
113 116
116 117
116 118
118 119
113 120
120 121
120 122
122 123
123 124
123 125
122 126
113 127
127 128
127 129
129 130
130 131
131 132
130 133
133 134
134 135
135 136
136 137
137 138
136 139
139 140
140 141
139 142
130 143
143 144
143 145
145 146
146 147
147 148
146 149
149 150
130 151
151 152
152 153
152 154
151 155
155 156
156 157
155 158
151 159
159 160
151 161
161 162
162 163
163 164
164 165
163 166
166 167
162 168
130 169
169 170
170 171
171 172
170 173
169 174
174 175
175 176
176 177
177 178
176 179
179 180
175 181
174 182
182 183
183 184
183 185
182 186
186 187
187 188
186 189
182 190
190 191
182 192
192 193
193 194
194 195
193 196
196 197
197 198
198 199
197 200
200 201
169 202
202 203
203 204
204 205
203 206
206 207
130 208
208 209
209 210
208 211
211 212
129 213
1 214
214 215
215 216
216 217
217 218
215 219
219 220
220 221
