1 2
2 3
3 4
4 5
3 6
6 7
6 8
8 9
3 10
10 11
10 12
3 13
13 14
14 15
13 16
16 17
17 18
18 19
19 20
20 21
19 22
22 23
23 24
22 25
13 26
26 27
26 28
28 29
29 30
30 31
29 32
32 33
13 34
34 35
35 36
35 37
34 38
38 39
39 40
38 41
34 42
42 43
34 44
44 45
45 46
46 47
47 48
46 49
49 50
45 51
13 52
52 53
53 54
54 55
53 56
52 57
57 58
58 59
59 60
60 61
59 62
62 63
58 64
57 65
65 66
66 67
66 68
65 69
69 70
70 71
69 72
65 73
73 74
65 75
75 76
76 77
77 78
76 79
79 80
80 81
81 82
80 83
83 84
52 85
85 86
86 87
87 88
86 89
89 90
13 91
91 92
92 93
91 94
94 95
1 96
96 97
97 98
98 99
97 100
100 101
100 102
102 103
97 104
104 105
104 106
106 107
107 108
97 109
109 110
110 111
109 112
112 113
113 114
114 115
115 116
116 117
115 118
118 119
119 120
118 121
109 122
122 123
122 124
124 125
125 126
126 127
125 128
128 129
109 130
130 131
131 132
131 133
130 134
134 135
135 136
134 137
130 138
138 139
130 140
140 141
141 142
142 143
143 144
142 145
145 146
141 147
109 148
148 149
149 150
150 151
151 152
150 153
149 154
154 155
155 156
154 157
157 158
148 159
159 160
160 161
161 162
162 163
161 164
164 165
160 166
159 167
167 168
168 169
168 170
167 171
171 172
172 173
171 174
167 175
175 176
167 177
177 178
178 179
179 180
178 181
181 182
182 183
183 184
182 185
185 186
148 187
187 188
188 189
189 190
188 191
191 192
109 193
193 194
194 195
193 196
196 197
1 198
198 199
199 200
200 201
201 202
199 203
203 204
204 205
