1 2
2 3
3 4
4 5
5 6
4 7
7 8
8 9
4 10
10 11
10 12
12 13
4 14
14 15
14 16
4 17
17 18
18 19
19 20
20 21
17 22
22 23
23 24
22 25
25 26
22 27
27 28
27 29
22 30
30 31
31 32
31 33
30 34
34 35
35 36
34 37
30 38
38 39
30 40
40 41
41 42
42 43
43 44
42 45
45 46
41 47
22 48
48 49
49 50
50 51
49 52
48 53
53 54
54 55
55 56
56 57
55 58
58 59
54 60
53 61
61 62
62 63
62 64
61 65
65 66
66 67
65 68
61 69
69 70
61 71
48 72
2 73
73 74
74 75
75 76
74 77
77 78
78 79
74 80
80 81
80 82
82 83
74 84
84 85
85 86
86 87
87 88
84 89
89 90
90 91
89 92
92 93
89 94
94 95
94 96
89 97
97 98
98 99
98 100
97 101
101 102
102 103
101 104
97 105
105 106
97 107
107 108
108 109
109 110
110 111
109 112
112 113
108 114
89 115
115 116
116 117
117 118
118 119
117 120
116 121
121 122
122 123
121 124
124 125
115 126
126 127
127 128
128 129
129 130
128 131
131 132
127 133
126 134
134 135
135 136
135 137
134 138
138 139
139 140
138 141
134 142
142 143
134 144
115 145
2 146
146 147
147 148
148 149
149 150
147 151
151 152
152 153
