1 2
2 3
3 4
3 5
5 6
6 7
6 8
2 9
9 10
10 11
11 12
10 13
13 14
13 15
15 16
10 17
17 18
18 19
17 20
10 21
21 22
22 23
21 24
24 25
21 26
26 27
26 28
21 29
29 30
30 31
30 32
29 33
33 34
34 35
33 36
29 37
37 38
29 39
39 40
40 41
41 42
42 43
41 44
44 45
40 46
21 47
47 48
48 49
49 50
48 51
47 52
52 53
53 54
54 55
55 56
54 57
57 58
53 59
52 60
60 61
61 62
61 63
60 64
64 65
65 66
64 67
60 68
68 69
60 70
47 71
2 72
72 73
72 74
74 75
75 76
75 77
2 78
78 79
79 80
80 81
79 82
82 83
82 84
84 85
79 86
86 87
87 88
86 89
79 90
90 91
91 92
90 93
93 94
90 95
95 96
95 97
90 98
98 99
99 100
99 101
98 102
102 103
103 104
102 105
98 106
106 107
98 108
108 109
109 110
110 111
111 112
110 113
113 114
109 115
90 116
116 117
117 118
118 119
119 120
118 121
117 122
122 123
123 124
122 125
125 126
116 127
127 128
128 129
129 130
130 131
129 132
132 133
128 134
127 135
135 136
136 137
136 138
135 139
139 140
140 141
139 142
135 143
143 144
135 145
116 146
2 147
147 148
148 149
149 150
150 151
148 152
152 153
153 154
