1 2
2 3
3 4
4 5
3 6
6 7
6 8
8 9
3 10
10 11
10 12
12 13
13 14
13 15
3 16
16 17
16 18
18 19
19 20
20 21
19 22
22 23
16 24
24 25
25 26
26 27
25 28
28 29
29 30
30 31
31 32
32 33
31 34
34 35
35 36
34 37
25 38
38 39
38 40
40 41
41 42
42 43
41 44
44 45
25 46
46 47
47 48
47 49
46 50
50 51
51 52
50 53
46 54
54 55
46 56
56 57
57 58
58 59
59 60
58 61
61 62
57 63
25 64
64 65
65 66
66 67
67 68
66 69
65 70
70 71
71 72
70 73
73 74
64 75
75 76
76 77
77 78
78 79
77 80
80 81
76 82
75 83
83 84
84 85
84 86
83 87
87 88
88 89
87 90
83 91
91 92
83 93
93 94
94 95
95 96
94 97
97 98
98 99
99 100
98 101
101 102
64 103
103 104
104 105
105 106
104 107
107 108
25 109
109 110
110 111
109 112
112 113
1 114
114 115
115 116
116 117
115 118
118 119
118 120
120 121
115 122
122 123
122 124
124 125
125 126
125 127
115 128
128 129
128 130
130 131
131 132
132 133
131 134
134 135
135 136
136 137
137 138
138 139
137 140
140 141
141 142
140 143
131 144
144 145
144 146
146 147
147 148
148 149
147 150
150 151
131 152
152 153
153 154
153 155
152 156
156 157
157 158
156 159
152 160
160 161
152 162
162 163
163 164
164 165
165 166
164 167
167 168
163 169
131 170
170 171
171 172
172 173
173 174
172 175
171 176
176 177
177 178
176 179
179 180
170 181
181 182
182 183
183 184
184 185
183 186
186 187
182 188
181 189
189 190
190 191
190 192
189 193
193 194
194 195
193 196
189 197
197 198
189 199
199 200
200 201
201 202
200 203
203 204
204 205
205 206
204 207
207 208
170 209
209 210
210 211
211 212
210 213
213 214
131 215
215 216
216 217
215 218
218 219
1 220
220 221
221 222
222 223
221 224
224 225
224 226
226 227
221 228
228 229
228 230
230 231
231 232
232 233
231 234
234 235
228 236
236 237
237 238
237 239
221 240
240 241
240 242
242 243
243 244
244 245
243 246
246 247
247 248
248 249
249 250
250 251
249 252
252 253
253 254
252 255
243 256
256 257
256 258
258 259
259 260
260 261
259 262
262 263
243 264
264 265
265 266
265 267
264 268
268 269
269 270
268 271
264 272
272 273
264 274
274 275
275 276
276 277
277 278
276 279
279 280
275 281
243 282
282 283
283 284
284 285
283 286
282 287
287 288
288 289
289 290
290 291
289 292
292 293
288 294
287 295
295 296
296 297
296 298
295 299
299 300
300 301
299 302
295 303
303 304
295 305
305 306
306 307
307 308
306 309
309 310
310 311
311 312
310 313
313 314
282 315
315 316
316 317
317 318
316 319
319 320
243 321
321 322
322 323
321 324
324 325
1 326
326 327
327 328
328 329
327 330
330 331
330 332
332 333
327 334
334 335
334 336
336 337
337 338
337 339
327 340
340 341
340 342
342 343
343 344
344 345
343 346
346 347
347 348
348 349
349 350
350 351
349 352
352 353
353 354
352 355
343 356
356 357
356 358
358 359
359 360
360 361
359 362
362 363
343 364
364 365
365 366
365 367
364 368
368 369
369 370
368 371
364 372
372 373
364 374
374 375
375 376
376 377
377 378
376 379
379 380
375 381
343 382
382 383
383 384
384 385
383 386
382 387
387 388
388 389
389 390
390 391
389 392
392 393
388 394
387 395
395 396
396 397
396 398
395 399
399 400
400 401
399 402
395 403
403 404
395 405
405 406
406 407
407 408
406 409
409 410
410 411
411 412
410 413
413 414
382 415
415 416
416 417
417 418
416 419
419 420
343 421
421 422
422 423
421 424
424 425
1 426
426 427
427 428
428 429
429 430
427 431
431 432
432 433
427 434
434 435
435 436
427 437
437 438
438 439
