1 2
2 3
3 4
4 5
3 6
6 7
6 8
8 9
3 10
10 11
10 12
3 13
13 14
14 15
15 16
16 17
13 18
18 19
19 20
20 21
13 22
22 23
23 24
22 25
25 26
26 27
27 28
28 29
29 30
28 31
31 32
32 33
31 34
22 35
35 36
35 37
37 38
38 39
39 40
38 41
41 42
22 43
43 44
44 45
44 46
43 47
47 48
48 49
47 50
43 51
51 52
43 53
53 54
54 55
55 56
56 57
55 58
58 59
54 60
22 61
61 62
62 63
63 64
62 65
61 66
66 67
67 68
68 69
69 70
68 71
71 72
67 73
66 74
74 75
75 76
75 77
74 78
78 79
79 80
78 81
74 82
82 83
74 84
84 85
85 86
86 87
85 88
88 89
89 90
90 91
89 92
92 93
61 94
94 95
95 96
96 97
95 98
98 99
22 100
100 101
101 102
100 103
103 104
1 105
105 106
106 107
107 108
106 109
109 110
109 111
111 112
106 113
113 114
113 115
106 116
116 117
117 118
118 119
119 120
116 121
121 122
122 123
123 124
116 125
125 126
126 127
125 128
128 129
129 130
130 131
131 132
132 133
131 134
134 135
135 136
134 137
125 138
138 139
138 140
140 141
141 142
142 143
141 144
144 145
125 146
146 147
147 148
147 149
146 150
150 151
151 152
150 153
146 154
154 155
146 156
156 157
157 158
158 159
159 160
158 161
161 162
157 163
125 164
164 165
165 166
166 167
167 168
166 169
165 170
170 171
171 172
170 173
173 174
164 175
175 176
176 177
177 178
178 179
177 180
180 181
176 182
175 183
183 184
184 185
184 186
183 187
187 188
188 189
187 190
183 191
191 192
183 193
193 194
194 195
195 196
194 197
197 198
198 199
199 200
198 201
201 202
164 203
203 204
204 205
205 206
204 207
207 208
125 209
209 210
210 211
209 212
212 213
1 214
214 215
215 216
216 217
217 218
215 219
219 220
220 221
