1 2
2 3
2 4
1 5
5 6
6 7
6 8
1 9
9 10
10 11
11 12
10 13
13 14
14 15
10 16
16 17
16 18
18 19
10 20
20 21
20 22
10 23
23 24
24 25
23 26
26 27
10 28
28 29
29 30
30 31
31 32
32 33
28 34
34 35
35 36
34 37
37 38
38 39
39 40
40 41
41 42
40 43
43 44
44 45
43 46
34 47
47 48
47 49
49 50
50 51
51 52
50 53
53 54
34 55
55 56
56 57
56 58
55 59
59 60
60 61
59 62
55 63
63 64
55 65
65 66
66 67
67 68
68 69
67 70
70 71
66 72
34 73
73 74
74 75
75 76
74 77
73 78
78 79
79 80
80 81
81 82
80 83
83 84
79 85
78 86
86 87
87 88
87 89
86 90
90 91
91 92
90 93
86 94
94 95
86 96
96 97
97 98
98 99
97 100
100 101
101 102
102 103
101 104
104 105
73 106
106 107
107 108
108 109
107 110
110 111
34 112
112 113
113 114
112 115
115 116
1 117
117 118
118 119
119 120
118 121
121 122
122 123
118 124
124 125
124 126
126 127
118 128
128 129
128 130
118 131
131 132
132 133
131 134
134 135
118 136
136 137
137 138
138 139
139 140
140 141
136 142
142 143
143 144
142 145
145 146
146 147
147 148
148 149
149 150
148 151
151 152
152 153
151 154
142 155
155 156
155 157
157 158
158 159
159 160
158 161
161 162
142 163
163 164
164 165
164 166
163 167
167 168
168 169
167 170
163 171
171 172
163 173
173 174
174 175
175 176
176 177
175 178
178 179
174 180
142 181
181 182
182 183
183 184
184 185
183 186
182 187
187 188
188 189
187 190
190 191
181 192
192 193
193 194
194 195
195 196
194 197
197 198
193 199
192 200
200 201
201 202
201 203
200 204
204 205
205 206
204 207
200 208
208 209
200 210
210 211
211 212
212 213
211 214
214 215
215 216
216 217
215 218
218 219
181 220
220 221
221 222
222 223
221 224
224 225
142 226
226 227
227 228
226 229
229 230
1 231
231 232
232 233
233 234
234 235
232 236
236 237
237 238
