1 2
2 3
2 4
4 5
5 6
5 7
4 8
8 9
9 10
1 11
11 12
12 13
13 14
12 15
15 16
15 17
17 18
12 19
19 20
19 21
21 22
22 23
21 24
24 25
12 26
26 27
27 28
26 29
29 30
30 31
31 32
32 33
33 34
32 35
35 36
36 37
35 38
26 39
39 40
39 41
41 42
42 43
43 44
42 45
45 46
26 47
47 48
48 49
48 50
47 51
51 52
52 53
51 54
47 55
55 56
47 57
57 58
58 59
59 60
60 61
59 62
62 63
58 64
26 65
65 66
66 67
67 68
66 69
65 70
70 71
71 72
72 73
73 74
72 75
75 76
71 77
70 78
78 79
79 80
79 81
78 82
82 83
83 84
82 85
78 86
86 87
78 88
88 89
89 90
90 91
89 92
92 93
93 94
94 95
93 96
96 97
65 98
98 99
99 100
100 101
99 102
102 103
26 104
104 105
105 106
104 107
107 108
1 109
109 110
109 111
111 112
112 113
112 114
114 115
115 116
111 117
117 118
118 119
1 120
120 121
121 122
122 123
121 124
124 125
124 126
126 127
121 128
128 129
128 130
130 131
131 132
130 133
133 134
121 135
135 136
136 137
135 138
138 139
139 140
140 141
141 142
142 143
141 144
144 145
145 146
144 147
135 148
148 149
148 150
150 151
151 152
152 153
151 154
154 155
135 156
156 157
157 158
157 159
156 160
160 161
161 162
160 163
156 164
164 165
156 166
166 167
167 168
168 169
169 170
168 171
171 172
167 173
135 174
174 175
175 176
176 177
177 178
176 179
175 180
180 181
181 182
180 183
183 184
174 185
185 186
186 187
187 188
188 189
187 190
190 191
186 192
185 193
193 194
194 195
194 196
193 197
197 198
198 199
197 200
193 201
201 202
193 203
203 204
204 205
205 206
204 207
207 208
208 209
209 210
208 211
211 212
174 213
213 214
214 215
215 216
214 217
217 218
135 219
219 220
220 221
219 222
222 223
1 224
224 225
225 226
226 227
227 228
225 229
229 230
230 231
