1 2
2 3
1 4
4 5
5 6
6 7
5 8
8 9
9 10
10 11
9 12
8 13
13 14
14 15
15 16
14 17
17 18
8 19
19 20
20 21
20 22
22 23
23 24
24 25
23 26
26 27
27 28
26 29
19 30
30 31
30 32
32 33
33 34
34 35
33 36
36 37
5 38
38 39
39 40
40 41
40 42
42 43
38 44
44 45
45 46
44 47
47 48
48 49
44 50
50 51
51 52
44 53
53 54
54 55
53 56
38 57
57 58
58 59
57 60
60 61
61 62
62 63
61 64
38 65
65 66
66 67
65 68
68 69
1 70
70 71
71 72
72 73
71 74
74 75
75 76
76 77
75 78
74 79
79 80
80 81
80 82
82 83
83 84
84 85
83 86
86 87
87 88
86 89
79 90
90 91
90 92
92 93
93 94
94 95
93 96
96 97
71 98
98 99
99 100
100 101
100 102
102 103
98 104
104 105
105 106
104 107
107 108
108 109
104 110
110 111
111 112
104 113
113 114
114 115
113 116
98 117
117 118
118 119
117 120
120 121
121 122
122 123
121 124
98 125
125 126
126 127
125 128
128 129
1 130
130 131
131 132
132 133
133 134
131 135
135 136
136 137
