1 2
2 3
3 4
4 5
3 6
6 7
6 8
8 9
9 10
10 11
9 12
12 13
6 14
14 15
15 16
15 17
17 18
18 19
19 20
18 21
21 22
22 23
21 24
14 25
25 26
25 27
27 28
28 29
29 30
28 31
31 32
3 33
33 34
34 35
35 36
35 37
37 38
33 39
39 40
40 41
39 42
42 43
43 44
39 45
45 46
46 47
39 48
48 49
49 50
48 51
33 52
52 53
53 54
52 55
55 56
56 57
57 58
56 59
33 60
60 61
61 62
60 63
63 64
1 65
65 66
66 67
67 68
66 69
69 70
69 71
71 72
72 73
72 74
74 75
75 76
76 77
75 78
78 79
79 80
78 81
71 82
82 83
82 84
84 85
85 86
86 87
85 88
88 89
66 90
90 91
91 92
92 93
92 94
94 95
90 96
96 97
97 98
96 99
99 100
100 101
96 102
102 103
103 104
96 105
105 106
106 107
105 108
90 109
109 110
110 111
109 112
112 113
113 114
114 115
113 116
90 117
117 118
118 119
117 120
120 121
1 122
122 123
123 124
124 125
125 126
123 127
127 128
128 129
