1 2
2 3
3 4
4 5
3 6
6 7
7 8
8 9
6 10
10 11
11 12
12 13
11 14
14 15
6 16
16 17
17 18
17 19
19 20
20 21
21 22
20 23
23 24
24 25
23 26
16 27
27 28
27 29
29 30
30 31
31 32
30 33
33 34
3 35
35 36
36 37
37 38
37 39
39 40
35 41
41 42
42 43
43 44
42 45
45 46
46 47
47 48
46 49
41 50
50 51
51 52
50 53
53 54
1 55
55 56
56 57
57 58
56 59
59 60
60 61
61 62
59 63
63 64
64 65
64 66
66 67
67 68
68 69
67 70
70 71
71 72
70 73
63 74
74 75
74 76
76 77
77 78
78 79
77 80
80 81
56 82
82 83
83 84
84 85
84 86
86 87
82 88
88 89
89 90
90 91
89 92
92 93
93 94
94 95
93 96
88 97
97 98
98 99
97 100
100 101
1 102
102 103
103 104
104 105
105 106
103 107
107 108
108 109
