1 2
2 3
3 4
4 5
3 6
6 7
6 8
8 9
9 10
9 11
11 12
12 13
11 14
14 15
8 16
8 17
17 18
18 19
18 20
20 21
21 22
22 23
21 24
24 25
25 26
24 27
8 28
28 29
28 30
30 31
31 32
32 33
31 34
34 35
8 36
3 37
37 38
38 39
39 40
39 41
41 42
37 43
43 44
44 45
43 46
46 47
47 48
43 49
49 50
50 51
43 52
52 53
53 54
52 55
37 56
56 57
57 58
56 59
59 60
60 61
61 62
60 63
37 64
64 65
65 66
64 67
67 68
1 69
69 70
70 71
71 72
70 73
73 74
73 75
75 76
76 77
76 78
78 79
78 80
80 81
81 82
82 83
81 84
84 85
85 86
84 87
75 88
88 89
88 90
90 91
91 92
92 93
91 94
94 95
75 96
75 97
97 98
98 99
99 100
98 101
101 102
75 103
70 104
104 105
105 106
106 107
106 108
108 109
104 110
110 111
111 112
110 113
113 114
114 115
110 116
116 117
117 118
110 119
119 120
120 121
119 122
104 123
123 124
124 125
123 126
126 127
127 128
128 129
127 130
104 131
131 132
132 133
131 134
134 135
1 136
136 137
137 138
138 139
139 140
137 141
141 142
142 143
