1 2
2 3
1 4
4 5
1 6
6 7
7 8
8 9
7 10
10 11
11 12
10 13
13 14
14 15
15 16
14 17
17 18
10 19
19 20
20 21
20 22
22 23
23 24
24 25
23 26
26 27
27 28
26 29
19 30
30 31
30 32
32 33
33 34
34 35
33 36
36 37
7 38
38 39
39 40
40 41
40 42
42 43
38 44
44 45
45 46
46 47
45 48
48 49
49 50
50 51
49 52
44 53
53 54
54 55
53 56
56 57
1 58
58 59
59 60
60 61
59 62
62 63
63 64
62 65
65 66
66 67
66 68
68 69
69 70
70 71
69 72
72 73
73 74
72 75
65 76
76 77
76 78
78 79
79 80
80 81
79 82
82 83
59 84
84 85
85 86
86 87
86 88
88 89
84 90
90 91
91 92
92 93
91 94
94 95
95 96
96 97
95 98
90 99
99 100
100 101
99 102
102 103
1 104
104 105
105 106
106 107
107 108
105 109
109 110
110 111
