1 2
2 3
1 4
4 5
1 6
6 7
6 8
8 9
9 10
10 11
9 12
12 13
13 14
14 15
13 16
16 17
9 18
18 19
19 20
19 21
21 22
22 23
23 24
22 25
25 26
26 27
25 28
18 29
29 30
29 31
31 32
32 33
33 34
32 35
35 36
8 37
37 38
38 39
1 40
40 41
41 42
42 43
41 44
44 45
44 46
41 47
47 48
47 49
49 50
50 51
49 52
52 53
41 54
54 55
55 56
56 57
56 58
58 59
54 60
60 61
61 62
62 63
61 64
64 65
65 66
66 67
65 68
60 69
69 70
70 71
69 72
72 73
1 74
74 75
74 76
76 77
77 78
78 79
77 80
80 81
81 82
81 83
83 84
84 85
85 86
84 87
87 88
88 89
87 90
80 91
91 92
91 93
93 94
94 95
95 96
94 97
97 98
76 99
99 100
100 101
1 102
102 103
103 104
104 105
103 106
106 107
106 108
103 109
109 110
109 111
111 112
112 113
111 114
114 115
103 116
116 117
117 118
118 119
118 120
120 121
116 122
122 123
123 124
124 125
123 126
126 127
127 128
128 129
127 130
122 131
131 132
132 133
131 134
134 135
1 136
136 137
137 138
138 139
139 140
137 141
141 142
142 143
