1 2
2 3
3 4
4 5
3 6
6 7
6 8
8 9
9 10
9 11
11 12
12 13
11 14
14 15
8 16
8 17
17 18
18 19
18 20
20 21
21 22
22 23
21 24
24 25
25 26
24 27
8 28
28 29
28 30
30 31
31 32
32 33
31 34
34 35
8 36
3 37
37 38
38 39
39 40
39 41
41 42
37 43
43 44
44 45
45 46
44 47
47 48
48 49
49 50
48 51
43 52
52 53
53 54
52 55
55 56
1 57
57 58
58 59
59 60
58 61
61 62
61 63
63 64
64 65
64 66
66 67
66 68
68 69
69 70
70 71
69 72
72 73
73 74
72 75
63 76
76 77
76 78
78 79
79 80
80 81
79 82
82 83
63 84
63 85
85 86
86 87
87 88
86 89
89 90
63 91
58 92
92 93
93 94
94 95
94 96
96 97
92 98
98 99
99 100
100 101
99 102
102 103
103 104
104 105
103 106
98 107
107 108
108 109
107 110
110 111
1 112
112 113
113 114
114 115
115 116
113 117
117 118
118 119
