1 2
2 3
3 4
4 5
3 6
6 7
6 8
8 9
9 10
10 11
9 12
12 13
6 14
14 15
15 16
15 17
17 18
18 19
19 20
18 21
21 22
22 23
21 24
14 25
25 26
25 27
27 28
28 29
29 30
28 31
31 32
3 33
33 34
34 35
35 36
35 37
37 38
33 39
39 40
40 41
41 42
40 43
43 44
44 45
45 46
44 47
39 48
48 49
49 50
48 51
51 52
1 53
53 54
54 55
55 56
54 57
57 58
57 59
59 60
60 61
60 62
62 63
63 64
64 65
63 66
66 67
67 68
66 69
59 70
70 71
70 72
72 73
73 74
74 75
73 76
76 77
54 78
78 79
79 80
80 81
80 82
82 83
78 84
84 85
85 86
86 87
85 88
88 89
89 90
90 91
89 92
84 93
93 94
94 95
93 96
96 97
1 98
98 99
99 100
100 101
101 102
99 103
103 104
104 105
