1 2
2 3
1 4
4 5
5 6
6 7
5 8
8 9
9 10
10 11
9 12
8 13
13 14
14 15
15 16
14 17
17 18
8 19
19 20
20 21
20 22
22 23
23 24
24 25
23 26
26 27
27 28
26 29
19 30
30 31
30 32
32 33
33 34
34 35
33 36
36 37
5 38
38 39
39 40
40 41
40 42
42 43
38 44
44 45
45 46
46 47
45 48
48 49
49 50
50 51
49 52
44 53
53 54
54 55
53 56
56 57
1 58
58 59
59 60
60 61
59 62
62 63
63 64
64 65
63 66
62 67
67 68
68 69
68 70
70 71
71 72
72 73
71 74
74 75
75 76
74 77
67 78
78 79
78 80
80 81
81 82
82 83
81 84
84 85
59 86
86 87
87 88
88 89
88 90
90 91
86 92
92 93
93 94
94 95
93 96
96 97
97 98
98 99
97 100
92 101
101 102
102 103
101 104
104 105
1 106
106 107
107 108
108 109
109 110
107 111
111 112
112 113
