1 2
2 3
1 4
4 5
1 6
6 7
6 8
8 9
9 10
10 11
9 12
12 13
13 14
14 15
13 16
16 17
9 18
18 19
19 20
19 21
21 22
22 23
23 24
22 25
25 26
26 27
25 28
18 29
29 30
29 31
31 32
32 33
33 34
32 35
35 36
8 37
37 38
38 39
1 40
40 41
41 42
42 43
41 44
44 45
44 46
41 47
47 48
47 49
49 50
50 51
49 52
52 53
41 54
54 55
55 56
56 57
56 58
58 59
54 60
60 61
61 62
60 63
63 64
64 65
60 66
66 67
67 68
60 69
69 70
70 71
69 72
54 73
73 74
74 75
73 76
76 77
77 78
78 79
77 80
54 81
81 82
82 83
81 84
84 85
1 86
86 87
86 88
88 89
89 90
90 91
89 92
92 93
93 94
93 95
95 96
96 97
97 98
96 99
99 100
100 101
99 102
92 103
103 104
103 105
105 106
106 107
107 108
106 109
109 110
88 111
111 112
112 113
1 114
114 115
115 116
116 117
115 118
118 119
118 120
115 121
121 122
121 123
123 124
124 125
123 126
126 127
115 128
128 129
129 130
130 131
130 132
132 133
128 134
134 135
135 136
134 137
137 138
138 139
134 140
140 141
141 142
134 143
143 144
144 145
143 146
128 147
147 148
148 149
147 150
150 151
151 152
152 153
151 154
128 155
155 156
156 157
155 158
158 159
1 160
160 161
161 162
162 163
163 164
161 165
165 166
166 167
