1 2
2 3
1 4
4 5
1 6
6 7
7 8
8 9
7 10
10 11
11 12
10 13
13 14
14 15
15 16
14 17
17 18
10 19
19 20
20 21
20 22
22 23
23 24
24 25
23 26
26 27
27 28
26 29
19 30
30 31
30 32
32 33
33 34
34 35
33 36
36 37
7 38
38 39
39 40
40 41
40 42
42 43
38 44
44 45
45 46
44 47
47 48
48 49
44 50
50 51
51 52
44 53
53 54
54 55
53 56
38 57
57 58
58 59
57 60
60 61
61 62
62 63
61 64
38 65
65 66
66 67
65 68
68 69
1 70
70 71
71 72
72 73
71 74
74 75
75 76
74 77
77 78
78 79
78 80
80 81
81 82
82 83
81 84
84 85
85 86
84 87
77 88
88 89
88 90
90 91
91 92
92 93
91 94
94 95
71 96
96 97
97 98
98 99
98 100
100 101
96 102
102 103
103 104
102 105
105 106
106 107
102 108
108 109
109 110
102 111
111 112
112 113
111 114
96 115
115 116
116 117
115 118
118 119
119 120
120 121
119 122
96 123
123 124
124 125
123 126
126 127
1 128
128 129
129 130
130 131
131 132
129 133
133 134
134 135
