1 2
2 3
3 4
4 5
3 6
6 7
7 8
7 9
6 10
10 11
11 12
12 13
11 14
14 15
6 16
16 17
17 18
17 19
19 20
20 21
21 22
20 23
23 24
24 25
23 26
16 27
27 28
27 29
29 30
30 31
31 32
30 33
33 34
3 35
35 36
36 37
37 38
37 39
39 40
35 41
41 42
42 43
41 44
44 45
45 46
41 47
47 48
48 49
41 50
50 51
51 52
50 53
35 54
54 55
55 56
54 57
57 58
58 59
59 60
58 61
35 62
62 63
63 64
62 65
65 66
1 67
67 68
68 69
69 70
68 71
71 72
72 73
72 74
71 75
75 76
76 77
76 78
78 79
79 80
80 81
79 82
82 83
83 84
82 85
75 86
86 87
86 88
88 89
89 90
90 91
89 92
92 93
68 94
94 95
95 96
96 97
96 98
98 99
94 100
100 101
101 102
100 103
103 104
104 105
100 106
106 107
107 108
100 109
109 110
110 111
109 112
94 113
113 114
114 115
113 116
116 117
117 118
118 119
117 120
94 121
121 122
122 123
121 124
124 125
1 126
126 127
127 128
128 129
129 130
127 131
131 132
132 133
