1 2
2 3
1 4
4 5
5 6
6 7
7 8
6 9
9 10
6 11
11 12
11 13
6 14
14 15
6 16
16 17
16 18
6 19
19 20
20 21
21 22
20 23
19 24
24 25
25 26
25 27
27 28
6 29
29 30
30 31
31 32
30 33
29 34
29 35
35 36
36 37
37 38
4 39
39 40
40 41
41 42
40 43
43 44
40 45
45 46
45 47
40 48
48 49
40 50
50 51
50 52
40 53
53 54
54 55
55 56
54 57
53 58
58 59
59 60
59 61
61 62
40 63
63 64
64 65
65 66
64 67
63 68
68 69
69 70
70 71
4 72
72 73
73 74
74 75
73 76
76 77
73 78
78 79
78 80
73 81
81 82
73 83
83 84
83 85
73 86
86 87
87 88
88 89
87 90
86 91
86 92
92 93
93 94
93 95
95 96
73 97
97 98
98 99
99 100
98 101
97 102
102 103
103 104
104 105
4 106
106 107
107 108
108 109
107 110
110 111
107 112
112 113
112 114
107 115
115 116
107 117
117 118
117 119
107 120
120 121
121 122
122 123
121 124
120 125
125 126
126 127
126 128
128 129
107 130
130 131
131 132
132 133
131 134
130 135
135 136
136 137
137 138
4 139
139 140
140 141
141 142
142 143
140 144
144 145
145 146
140 147
147 148
148 149
140 150
150 151
151 152
