1 2
2 3
1 4
4 5
1 6
6 7
6 8
8 9
9 10
10 11
9 12
12 13
13 14
14 15
13 16
16 17
9 18
18 19
19 20
19 21
21 22
22 23
23 24
22 25
25 26
26 27
27 28
28 29
18 30
30 31
30 32
32 33
33 34
34 35
33 36
36 37
18 38
38 39
39 40
40 41
38 42
8 43
43 44
44 45
1 46
46 47
47 48
48 49
47 50
50 51
50 52
47 53
53 54
53 55
55 56
56 57
55 58
58 59
47 60
60 61
61 62
60 63
63 64
64 65
65 66
47 67
67 68
68 69
67 70
70 71
1 72
72 73
72 74
74 75
75 76
76 77
75 78
78 79
79 80
79 81
81 82
82 83
83 84
82 85
85 86
86 87
87 88
88 89
78 90
90 91
90 92
92 93
93 94
94 95
93 96
96 97
78 98
98 99
99 100
100 101
98 102
74 103
103 104
104 105
1 106
106 107
107 108
108 109
107 110
110 111
110 112
107 113
113 114
113 115
115 116
116 117
115 118
118 119
107 120
120 121
121 122
120 123
123 124
124 125
125 126
107 127
127 128
128 129
127 130
130 131
1 132
132 133
133 134
134 135
135 136
133 137
137 138
138 139
