1 2
2 3
3 4
4 5
5 6
4 7
7 8
4 9
9 10
9 11
4 12
12 13
4 14
14 15
14 16
4 17
17 18
18 19
18 20
17 21
21 22
22 23
22 24
24 25
4 26
26 27
27 28
27 29
26 30
26 31
31 32
32 33
33 34
2 35
35 36
36 37
37 38
36 39
39 40
36 41
41 42
41 43
36 44
44 45
36 46
46 47
46 48
36 49
49 50
50 51
50 52
49 53
53 54
54 55
54 56
56 57
36 58
58 59
59 60
59 61
58 62
62 63
63 64
64 65
2 66
66 67
67 68
68 69
67 70
70 71
67 72
72 73
72 74
67 75
75 76
67 77
77 78
77 79
67 80
80 81
81 82
81 83
80 84
80 85
85 86
86 87
86 88
88 89
67 90
90 91
91 92
91 93
90 94
94 95
95 96
96 97
2 98
98 99
99 100
100 101
99 102
102 103
99 104
104 105
104 106
99 107
107 108
99 109
109 110
109 111
99 112
112 113
113 114
113 115
112 116
116 117
117 118
117 119
119 120
99 121
121 122
122 123
122 124
121 125
125 126
126 127
127 128
2 129
129 130
130 131
131 132
132 133
130 134
134 135
135 136
130 137
137 138
138 139
130 140
140 141
141 142
