1 2
2 3
3 4
4 5
5 6
5 7
4 8
8 9
4 10
10 11
4 12
12 13
12 14
4 15
15 16
4 17
17 18
17 19
4 20
20 21
21 22
21 23
20 24
24 25
25 26
24 27
20 28
28 29
20 30
30 31
31 32
31 33
33 34
4 35
35 36
36 37
36 38
35 39
39 40
40 41
39 42
35 43
43 44
35 45
45 46
46 47
47 48
2 49
49 50
50 51
51 52
51 53
50 54
54 55
50 56
56 57
50 58
58 59
58 60
50 61
61 62
50 63
63 64
63 65
50 66
66 67
67 68
67 69
66 70
70 71
71 72
70 73
66 74
74 75
66 76
76 77
77 78
77 79
79 80
50 81
81 82
82 83
82 84
81 85
85 86
86 87
85 88
81 89
89 90
81 91
91 92
92 93
93 94
2 95
95 96
96 97
97 98
98 99
96 100
100 101
101 102
