1 2
2 3
3 4
4 5
5 6
4 7
7 8
4 9
9 10
9 11
4 12
12 13
4 14
14 15
14 16
4 17
17 18
17 19
19 20
20 21
20 22
22 23
4 24
24 25
24 26
24 27
27 28
28 29
29 30
2 31
31 32
32 33
33 34
32 35
35 36
32 37
37 38
37 39
32 40
40 41
32 42
42 43
42 44
32 45
45 46
45 47
47 48
48 49
48 50
50 51
32 52
52 53
52 54
54 55
55 56
56 57
2 58
58 59
59 60
60 61
59 62
62 63
59 64
64 65
64 66
59 67
67 68
59 69
69 70
69 71
59 72
72 73
72 74
72 75
75 76
76 77
76 78
78 79
59 80
80 81
80 82
82 83
83 84
84 85
2 86
86 87
87 88
88 89
87 90
90 91
87 92
92 93
92 94
87 95
95 96
87 97
97 98
97 99
87 100
100 101
100 102
102 103
103 104
103 105
105 106
87 107
107 108
107 109
109 110
110 111
111 112
2 113
113 114
114 115
115 116
116 117
114 118
118 119
119 120
114 121
121 122
122 123
114 124
124 125
125 126
