1 2
2 3
3 4
4 5
3 6
6 7
6 8
8 9
9 10
9 11
11 12
12 13
11 14
14 15
8 16
8 17
17 18
18 19
18 20
20 21
21 22
22 23
21 24
24 25
25 26
26 27
27 28
8 29
29 30
29 31
31 32
32 33
33 34
32 35
35 36
8 37
37 38
38 39
39 40
37 41
8 42
3 43
43 44
44 45
43 46
46 47
47 48
48 49
3 50
50 51
51 52
50 53
53 54
1 55
55 56
56 57
57 58
56 59
59 60
59 61
61 62
62 63
62 64
64 65
64 66
66 67
67 68
68 69
67 70
70 71
71 72
72 73
73 74
61 75
75 76
75 77
77 78
78 79
79 80
78 81
81 82
61 83
83 84
84 85
85 86
83 87
61 88
61 89
89 90
90 91
91 92
90 93
93 94
61 95
56 96
96 97
97 98
96 99
99 100
100 101
101 102
56 103
103 104
104 105
103 106
106 107
1 108
108 109
109 110
110 111
111 112
109 113
113 114
114 115
