1 2
2 3
1 4
4 5
5 6
6 7
5 8
8 9
9 10
10 11
9 12
8 13
13 14
14 15
15 16
14 17
17 18
8 19
19 20
20 21
20 22
22 23
23 24
24 25
23 26
26 27
27 28
28 29
29 30
19 31
31 32
31 33
33 34
34 35
35 36
34 37
37 38
19 39
39 40
40 41
41 42
39 43
5 44
44 45
45 46
44 47
47 48
48 49
49 50
5 51
51 52
52 53
51 54
54 55
1 56
56 57
57 58
58 59
57 60
60 61
61 62
62 63
61 64
60 65
65 66
66 67
66 68
68 69
69 70
70 71
69 72
72 73
73 74
74 75
75 76
65 77
77 78
77 79
79 80
80 81
81 82
80 83
83 84
65 85
85 86
86 87
87 88
85 89
57 90
90 91
91 92
90 93
93 94
94 95
95 96
57 97
97 98
98 99
97 100
100 101
1 102
102 103
103 104
104 105
105 106
103 107
107 108
108 109
