1 2
2 3
3 4
4 5
1 6
6 7
7 8
8 9
1 10
10 11
11 12
12 13
13 14
12 15
15 16
12 17
17 18
17 19
12 20
20 21
12 22
22 23
22 24
12 25
25 26
26 27
27 28
28 29
25 30
30 31
31 32
31 33
33 34
12 35
35 36
36 37
37 38
38 39
35 40
35 41
41 42
42 43
43 44
10 45
45 46
46 47
47 48
46 49
49 50
46 51
51 52
51 53
46 54
54 55
46 56
56 57
56 58
46 59
59 60
60 61
61 62
62 63
59 64
64 65
65 66
65 67
67 68
46 69
69 70
70 71
71 72
72 73
69 74
74 75
75 76
76 77
10 78
78 79
79 80
80 81
79 82
82 83
79 84
84 85
84 86
79 87
87 88
79 89
89 90
89 91
79 92
92 93
93 94
94 95
95 96
92 97
92 98
98 99
99 100
99 101
101 102
79 103
103 104
104 105
105 106
106 107
103 108
108 109
109 110
110 111
10 112
112 113
113 114
114 115
113 116
116 117
113 118
118 119
118 120
113 121
121 122
113 123
123 124
123 125
113 126
126 127
127 128
128 129
129 130
126 131
131 132
132 133
132 134
134 135
113 136
136 137
137 138
138 139
139 140
136 141
141 142
142 143
143 144
10 145
145 146
146 147
147 148
148 149
146 150
150 151
151 152
146 153
153 154
154 155
146 156
156 157
157 158
