1 2
2 3
1 4
4 5
1 6
6 7
7 8
8 9
9 10
8 11
11 12
8 13
13 14
13 15
8 16
16 17
8 18
18 19
18 20
8 21
21 22
22 23
23 24
21 25
25 26
26 27
26 28
28 29
8 30
30 31
31 32
32 33
30 34
30 35
35 36
36 37
37 38
6 39
39 40
40 41
41 42
40 43
43 44
40 45
45 46
45 47
40 48
48 49
40 50
50 51
50 52
40 53
53 54
54 55
55 56
53 57
57 58
58 59
58 60
60 61
40 62
62 63
63 64
64 65
62 66
66 67
67 68
68 69
6 70
70 71
71 72
72 73
71 74
74 75
71 76
76 77
76 78
71 79
79 80
71 81
81 82
81 83
71 84
84 85
85 86
86 87
84 88
84 89
89 90
90 91
90 92
92 93
71 94
94 95
95 96
96 97
94 98
98 99
99 100
100 101
6 102
102 103
103 104
104 105
103 106
106 107
103 108
108 109
108 110
103 111
111 112
103 113
113 114
113 115
103 116
116 117
117 118
118 119
116 120
120 121
121 122
121 123
123 124
103 125
125 126
126 127
127 128
125 129
129 130
130 131
131 132
6 133
133 134
134 135
135 136
136 137
134 138
138 139
139 140
134 141
141 142
142 143
134 144
144 145
145 146
