1 2
2 3
3 4
4 5
3 6
6 7
6 8
8 9
9 10
10 11
9 12
12 13
6 14
14 15
15 16
15 17
17 18
18 19
19 20
18 21
21 22
22 23
23 24
24 25
14 26
26 27
26 28
28 29
29 30
30 31
29 32
32 33
14 34
34 35
35 36
36 37
34 38
3 39
39 40
40 41
39 42
42 43
43 44
44 45
3 46
46 47
47 48
46 49
49 50
1 51
51 52
52 53
53 54
52 55
55 56
55 57
57 58
58 59
58 60
60 61
61 62
62 63
61 64
64 65
65 66
66 67
67 68
57 69
69 70
69 71
71 72
72 73
73 74
72 75
75 76
57 77
77 78
78 79
79 80
77 81
52 82
82 83
83 84
82 85
85 86
86 87
87 88
52 89
89 90
90 91
89 92
92 93
1 94
94 95
95 96
96 97
97 98
95 99
99 100
100 101
