1 2
2 3
1 4
4 5
1 6
6 7
7 8
8 9
7 10
10 11
11 12
10 13
13 14
14 15
15 16
14 17
17 18
10 19
19 20
20 21
20 22
22 23
23 24
24 25
23 26
26 27
27 28
28 29
29 30
19 31
31 32
31 33
33 34
34 35
35 36
34 37
37 38
19 39
39 40
40 41
41 42
39 43
7 44
44 45
45 46
44 47
47 48
48 49
49 50
7 51
51 52
52 53
51 54
54 55
1 56
56 57
57 58
58 59
57 60
60 61
61 62
60 63
63 64
64 65
64 66
66 67
67 68
68 69
67 70
70 71
71 72
72 73
73 74
63 75
75 76
75 77
77 78
78 79
79 80
78 81
81 82
63 83
83 84
84 85
85 86
83 87
57 88
88 89
89 90
88 91
91 92
92 93
93 94
57 95
95 96
96 97
95 98
98 99
1 100
100 101
101 102
102 103
103 104
101 105
105 106
106 107
