1 2
2 3
3 4
3 5
5 6
2 7
7 8
8 9
7 10
7 11
11 12
2 13
13 14
14 15
13 16
13 17
17 18
1 19
19 20
20 21
21 22
22 23
21 24
24 25
21 26
26 27
26 28
21 29
29 30
21 31
31 32
31 33
21 34
34 35
34 36
36 37
21 38
38 39
39 40
39 41
41 42
42 43
43 44
44 45
45 46
21 47
47 48
48 49
47 50
50 51
19 52
52 53
53 54
54 55
53 56
56 57
53 58
58 59
58 60
53 61
61 62
53 63
63 64
63 65
53 66
66 67
66 68
68 69
53 70
70 71
71 72
71 73
73 74
74 75
75 76
76 77
77 78
53 79
79 80
80 81
79 82
82 83
19 84
84 85
85 86
86 87
87 88
85 89
89 90
90 91
