1 2
2 3
3 4
4 5
5 6
4 7
7 8
4 9
9 10
9 11
4 12
12 13
4 14
14 15
14 16
4 17
17 18
18 19
17 20
20 21
21 22
21 23
23 24
4 25
25 26
26 27
25 28
25 29
29 30
30 31
31 32
2 33
33 34
34 35
35 36
34 37
37 38
34 39
39 40
39 41
34 42
42 43
34 44
44 45
44 46
34 47
47 48
48 49
47 50
50 51
51 52
51 53
53 54
34 55
55 56
56 57
55 58
58 59
59 60
60 61
2 62
62 63
63 64
64 65
63 66
66 67
63 68
68 69
68 70
63 71
71 72
63 73
73 74
73 75
63 76
76 77
77 78
76 79
76 80
80 81
81 82
81 83
83 84
63 85
85 86
86 87
85 88
88 89
89 90
90 91
2 92
92 93
93 94
94 95
93 96
96 97
93 98
98 99
98 100
93 101
101 102
93 103
103 104
103 105
93 106
106 107
107 108
106 109
109 110
110 111
110 112
112 113
93 114
114 115
115 116
114 117
117 118
118 119
119 120
2 121
121 122
122 123
123 124
124 125
122 126
126 127
127 128
122 129
129 130
130 131
122 132
132 133
133 134
