1 2
2 3
3 4
3 5
2 6
6 7
7 8
7 9
2 10
10 11
11 12
12 13
11 14
14 15
15 16
15 17
11 18
18 19
11 20
20 21
20 22
11 23
23 24
11 25
25 26
25 27
11 28
28 29
28 30
30 31
11 32
32 33
33 34
32 35
35 36
11 37
37 38
38 39
39 40
40 41
41 42
37 43
43 44
44 45
2 46
46 47
47 48
48 49
47 50
50 51
51 52
51 53
47 54
54 55
47 56
56 57
56 58
47 59
59 60
47 61
61 62
61 63
47 64
64 65
64 66
66 67
47 68
68 69
69 70
68 71
71 72
47 73
73 74
74 75
75 76
76 77
77 78
73 79
79 80
80 81
2 82
82 83
83 84
84 85
85 86
83 87
87 88
88 89
