1 2
2 3
3 4
4 5
5 6
4 7
7 8
8 9
9 10
4 11
11 12
12 13
13 14
4 15
15 16
4 17
17 18
17 19
4 20
20 21
4 22
22 23
22 24
4 25
25 26
26 27
27 28
28 29
29 30
30 31
25 32
32 33
32 34
34 35
25 36
36 37
37 38
38 39
36 40
40 41
4 42
42 43
43 44
44 45
45 46
46 47
47 48
42 49
49 50
50 51
2 52
52 53
53 54
54 55
53 56
56 57
57 58
58 59
53 60
60 61
61 62
62 63
53 64
64 65
53 66
66 67
66 68
53 69
69 70
53 71
71 72
71 73
53 74
74 75
75 76
76 77
77 78
78 79
79 80
74 81
81 82
81 83
83 84
74 85
85 86
86 87
87 88
85 89
89 90
53 91
91 92
92 93
93 94
94 95
95 96
96 97
91 98
98 99
99 100
2 101
101 102
102 103
103 104
104 105
102 106
106 107
107 108
