1 2
2 3
3 4
4 5
1 6
6 7
7 8
8 9
1 10
10 11
11 12
12 13
11 14
14 15
15 16
16 17
14 18
18 19
19 20
20 21
19 22
22 23
14 24
24 25
25 26
25 27
27 28
28 29
29 30
28 31
31 32
32 33
33 34
34 35
24 36
36 37
36 38
38 39
39 40
40 41
39 42
42 43
24 44
44 45
45 46
46 47
44 48
11 49
49 50
50 51
49 52
52 53
53 54
54 55
11 56
56 57
57 58
56 59
59 60
1 61
61 62
62 63
63 64
62 65
65 66
66 67
67 68
65 69
69 70
70 71
70 72
72 73
73 74
74 75
73 76
76 77
77 78
78 79
79 80
69 81
81 82
81 83
83 84
84 85
85 86
84 87
87 88
69 89
89 90
90 91
91 92
89 93
62 94
94 95
95 96
94 97
97 98
98 99
99 100
62 101
101 102
102 103
101 104
104 105
1 106
106 107
107 108
108 109
109 110
107 111
111 112
112 113
