1 2
2 3
3 4
4 5
5 6
4 7
7 8
4 9
9 10
9 11
4 12
12 13
4 14
14 15
14 16
4 17
17 18
17 19
19 20
20 21
20 22
22 23
22 24
24 25
19 26
19 27
27 28
19 29
4 30
30 31
30 32
32 33
33 34
33 35
32 36
32 37
37 38
38 39
39 40
32 41
2 42
42 43
43 44
44 45
43 46
46 47
43 48
48 49
48 50
43 51
51 52
43 53
53 54
53 55
43 56
56 57
56 58
58 59
59 60
59 61
61 62
61 63
63 64
58 65
58 66
66 67
58 68
43 69
69 70
69 71
71 72
72 73
72 74
74 75
75 76
71 77
71 78
78 79
71 80
2 81
81 82
82 83
83 84
82 85
85 86
82 87
87 88
87 89
82 90
90 91
82 92
92 93
92 94
82 95
95 96
95 97
97 98
98 99
98 100
97 101
97 102
102 103
103 104
103 105
105 106
97 107
82 108
108 109
108 110
110 111
111 112
111 113
113 114
114 115
110 116
110 117
117 118
110 119
2 120
120 121
121 122
122 123
121 124
124 125
121 126
126 127
126 128
121 129
129 130
121 131
131 132
131 133
121 134
134 135
134 136
136 137
137 138
137 139
139 140
139 141
141 142
136 143
136 144
144 145
136 146
121 147
147 148
147 149
149 150
150 151
150 152
152 153
153 154
149 155
149 156
156 157
149 158
2 159
159 160
160 161
161 162
162 163
160 164
164 165
165 166
160 167
167 168
168 169
160 170
170 171
171 172
