1 2
2 3
3 4
2 5
5 6
2 7
7 8
2 9
9 10
9 11
11 12
12 13
13 14
14 15
12 16
12 17
17 18
18 19
19 20
2 21
21 22
22 23
23 24
22 25
25 26
22 27
27 28
27 29
22 30
30 31
22 32
32 33
32 34
22 35
35 36
35 37
37 38
22 39
39 40
39 41
22 42
42 43
43 44
42 45
45 46
2 47
47 48
47 49
49 50
50 51
51 52
52 53
50 54
54 55
55 56
56 57
2 58
58 59
59 60
60 61
59 62
62 63
59 64
64 65
64 66
59 67
67 68
59 69
69 70
69 71
59 72
72 73
72 74
74 75
59 76
76 77
76 78
59 79
79 80
80 81
79 82
82 83
2 84
84 85
84 86
86 87
87 88
88 89
89 90
87 91
91 92
92 93
93 94
2 95
95 96
96 97
97 98
96 99
99 100
96 101
101 102
101 103
96 104
104 105
96 106
106 107
106 108
96 109
109 110
109 111
111 112
96 113
113 114
113 115
96 116
116 117
117 118
116 119
119 120
2 121
121 122
122 123
123 124
124 125
122 126
126 127
127 128
122 129
129 130
130 131
