1 2
2 3
3 4
3 5
5 6
2 7
7 8
8 9
7 10
7 11
11 12
2 13
13 14
14 15
13 16
13 17
17 18
1 19
19 20
20 21
21 22
22 23
21 24
24 25
21 26
26 27
26 28
21 29
29 30
21 31
31 32
31 33
21 34
34 35
34 36
36 37
21 38
38 39
39 40
39 41
41 42
42 43
42 44
21 45
45 46
46 47
47 48
45 49
49 50
21 51
51 52
52 53
19 54
54 55
55 56
56 57
55 58
58 59
55 60
60 61
60 62
55 63
63 64
55 65
65 66
65 67
55 68
68 69
68 70
70 71
55 72
72 73
73 74
73 75
75 76
76 77
76 78
55 79
79 80
80 81
81 82
79 83
83 84
55 85
85 86
86 87
19 88
88 89
89 90
90 91
91 92
89 93
93 94
94 95
