1 2
2 3
2 4
2 5
2 6
2 7
2 8
2 9
2 10
2 11
2 12
2 13
2 14
2 15
15 16
2 17
17 18
2 19
19 20
2 21
21 22
2 23
23 24
2 25
25 26
2 27
27 28
2 29
29 30
2 31
2 32
2 33
2 34
2 35
2 36
2 37
2 38
2 39
2 40
2 41
2 42
2 43
2 44
2 45
45 46
46 47
2 48
48 49
49 50
50 51
2 52
2 53
2 54
2 55
2 56
2 57
2 58
2 59
2 60
2 61
2 62
2 63
2 64
2 65
2 66
2 67
2 68
2 69
2 70
2 71
2 72
2 73
2 74
74 75
2 76
2 77
2 78
2 79
2 80
80 81
2 82
82 83
2 84
84 85
2 86
86 87
2 88
88 89
2 90
90 91
2 92
92 93
2 94
94 95
2 96
96 97
2 98
98 99
2 100
100 101
2 102
102 103
2 104
104 105
2 106
106 107
2 108
108 109
2 110
110 111
2 112
112 113
2 114
114 115
2 116
116 117
2 118
118 119
2 120
120 121
2 122
122 123
2 124
124 125
2 126
126 127
2 128
128 129
2 130
130 131
2 132
132 133
2 134
134 135
2 136
136 137
2 138
2 139
2 140
2 141
2 142
142 143
2 144
144 145
2 146
146 147
2 148
148 149
2 150
150 151
2 152
152 153
2 154
154 155
2 156
156 157
2 158
158 159
2 160
160 161
160 162
162 163
160 164
164 165
165 166
166 167
167 168
167 169
169 170
170 171
171 172
172 173
173 174
174 175
175 176
176 177
177 178
178 179
175 180
173 181
171 182
182 183
183 184
184 185
185 186
186 187
187 188
188 189
185 190
183 191
2 192
192 193
192 194
194 195
192 196
196 197
197 198
198 199
199 200
200 201
201 202
202 203
203 204
204 205
205 206
206 207
207 208
205 209
203 210
201 211
211 212
212 213
213 214
214 215
215 216
216 217
214 218
212 219
200 220
220 221
221 222
222 223
223 224
224 225
225 226
223 227
221 228
199 229
229 230
230 231
231 232
232 233
233 234
234 235
232 236
230 237
2 238
238 239
238 240
240 241
238 242
242 243
243 244
244 245
245 246
246 247
247 248
248 249
249 250
250 251
251 252
252 253
253 254
254 255
255 256
256 257
257 258
258 259
259 260
256 261
254 262
252 263
263 264
264 265
265 266
266 267
267 268
268 269
269 270
266 271
264 272
251 273
273 274
274 275
275 276
276 277
277 278
278 279
279 280
276 281
274 282
250 283
283 284
284 285
285 286
286 287
287 288
288 289
289 290
286 291
284 292
249 293
293 294
294 295
295 296
296 297
297 298
298 299
299 300
296 301
294 302
248 303
303 304
304 305
305 306
306 307
307 308
308 309
309 310
306 311
304 312
247 313
313 314
314 315
315 316
316 317
317 318
318 319
319 320
316 321
314 322
246 323
323 324
324 325
325 326
326 327
327 328
328 329
329 330
326 331
324 332
2 333
333 334
333 335
335 336
333 337
337 338
338 339
339 340
2 341
341 342
341 343
343 344
341 345
345 346
346 347
347 348
2 349
349 350
349 351
351 352
349 353
353 354
354 355
355 356
2 357
357 358
358 359
359 360
360 361
361 362
360 363
363 364
364 365
365 366
364 367
2 368
368 369
369 370
370 371
371 372
372 373
373 374
372 375
375 376
376 377
377 378
376 379
2 380
380 381
2 382
382 383
383 384
382 385
385 386
2 387
387 388
388 389
387 390
390 391
2 392
2 393
393 394
394 395
394 396
396 397
396 398
398 399
399 400
399 401
401 402
402 403
403 404
2 405
405 406
406 407
407 408
407 409
409 410
409 411
411 412
412 413
412 414
414 415
415 416
416 417
2 418
418 419
2 420
420 421
421 422
421 423
423 424
421 425
425 426
421 427
427 428
421 429
429 430
420 431
431 432
431 433
433 434
431 435
435 436
431 437
437 438
431 439
439 440
431 441
441 442
2 443
443 444
2 445
445 446
2 447
447 448
2 449
449 450
2 451
451 452
2 453
453 454
2 455
455 456
2 457
457 458
457 459
457 460
457 461
457 462
457 463
457 464
457 465
457 466
457 467
467 468
457 469
457 470
2 471
471 472
472 473
471 474
474 475
2 476
476 477
477 478
478 479
477 480
480 481
2 482
482 483
482 484
482 485
482 486
482 487
482 488
482 489
482 490
490 491
2 492
492 493
493 494
493 495
495 496
495 497
493 498
498 499
499 500
499 501
492 502
502 503
502 504
504 505
504 506
502 507
507 508
508 509
508 510
492 511
511 512
492 513
513 514
492 515
492 516
492 517
517 518
2 519
2 520
520 521
521 522
520 523
2 524
524 525
525 526
526 527
525 528
2 529
529 530
530 531
529 532
2 533
533 534
534 535
535 536
534 537
2 538
2 539
2 540
540 541
541 542
540 543
2 544
544 545
2 546
546 547
547 548
546 549
549 550
546 551
2 552
552 553
553 554
554 555
553 556
556 557
553 558
2 559
559 560
560 561
559 562
562 563
559 564
2 565
565 566
566 567
567 568
566 569
569 570
566 571
2 572
572 573
573 574
572 575
575 576
572 577
2 578
578 579
579 580
580 581
579 582
582 583
579 584
2 585
585 586
586 587
585 588
2 589
589 590
590 591
591 592
590 593
2 594
2 595
595 596
596 597
595 598
2 599
599 600
600 601
601 602
600 603
2 604
604 605
605 606
604 607
2 608
608 609
609 610
610 611
609 612
1 613
613 614
614 615
614 616
616 617
613 618
618 619
613 620
620 621
621 622
622 623
620 624
624 625
625 626
620 627
627 628
628 629
620 630
630 631
631 632
620 633
633 634
634 635
620 636
636 637
637 638
620 639
639 640
640 641
620 642
642 643
643 644
620 645
645 646
646 647
613 648
613 649
649 650
650 651
649 652
652 653
613 654
654 655
655 656
654 657
657 658
658 659
659 660
660 661
661 662
660 663
663 664
659 665
654 666
613 667
667 668
668 669
669 670
667 671
671 672
672 673
667 674
674 675
675 676
667 677
677 678
678 679
667 680
680 681
681 682
667 683
683 684
684 685
667 686
686 687
687 688
667 689
689 690
690 691
667 692
692 693
693 694
667 695
695 696
696 697
667 698
698 699
699 700
667 701
701 702
702 703
667 704
704 705
705 706
667 707
707 708
708 709
667 710
710 711
711 712
667 713
713 714
714 715
667 716
716 717
717 718
667 719
719 720
720 721
667 722
722 723
723 724
667 725
725 726
726 727
667 728
728 729
729 730
667 731
731 732
732 733
613 734
734 735
734 736
736 737
734 738
738 739
734 740
740 741
734 742
734 743
743 744
734 745
613 746
746 747
747 748
746 749
746 750
746 751
613 752
752 753
752 754
754 755
752 756
756 757
613 758
758 759
759 760
760 761
758 762
762 763
763 764
613 765
765 766
766 767
765 768
768 769
765 770
770 771
613 772
772 773
772 774
613 775
775 776
775 777
777 778
613 779
779 780
780 781
781 782
779 783
779 784
613 785
785 786
786 787
785 788
613 789
789 790
789 791
789 792
613 793
793 794
793 795
793 796
793 797
797 798
613 799
799 800
799 801
801 802
799 803
803 804
613 805
805 806
805 807
807 808
805 809
809 810
613 811
811 812
811 813
813 814
811 815
815 816
613 817
817 818
817 819
819 820
817 821
821 822
613 823
823 824
823 825
823 826
823 827
827 828
823 829
613 830
830 831
830 832
830 833
830 834
834 835
830 836
613 837
837 838
837 839
837 840
837 841
841 842
837 843
837 844
844 845
837 846
846 847
613 848
848 849
848 850
848 851
848 852
852 853
848 854
848 855
855 856
848 857
857 858
613 859
859 860
859 861
859 862
862 863
859 864
613 865
865 866
865 867
867 868
865 869
865 870
613 871
871 872
871 873
871 874
874 875
871 876
613 877
877 878
877 879
879 880
877 881
877 882
877 883
883 884
613 885
885 886
885 887
885 888
885 889
885 890
890 891
613 892
892 893
892 894
892 895
892 896
892 897
897 898
613 899
899 900
899 901
613 902
902 903
902 904
904 905
902 906
906 907
613 908
908 909
908 910
910 911
908 912
912 913
908 914
613 915
915 916
915 917
613 918
918 919
613 920
920 921
920 922
1 923
923 924
1 925
925 926
1 927
927 928
1 929
929 930
1 931
931 932
932 933
931 934
934 935
935 936
931 937
937 938
938 939
937 940
940 941
931 942
942 943
943 944
942 945
945 946
942 947
931 948
948 949
948 950
950 951
948 952
952 953
931 954
954 955
955 956
956 957
954 958
958 959
959 960
954 961
961 962
962 963
954 964
964 965
965 966
954 967
967 968
968 969
954 970
970 971
971 972
954 973
973 974
974 975
954 976
976 977
977 978
954 979
979 980
980 981
954 982
982 983
983 984
954 985
985 986
986 987
954 988
988 989
989 990
954 991
991 992
992 993
954 994
994 995
995 996
954 997
997 998
998 999
954 1000
1000 1001
1001 1002
954 1003
1003 1004
1004 1005
954 1006
1006 1007
1007 1008
954 1009
1009 1010
1010 1011
954 1012
1012 1013
1013 1014
954 1015
1015 1016
1016 1017
954 1018
1018 1019
1019 1020
954 1021
1021 1022
1022 1023
954 1024
1024 1025
1025 1026
954 1027
1027 1028
1028 1029
954 1030
931 1031
1031 1032
1032 1033
1033 1034
1031 1035
1035 1036
1036 1037
1031 1038
1038 1039
1039 1040
1031 1041
1041 1042
1042 1043
1031 1044
1044 1045
1045 1046
1031 1047
1047 1048
1048 1049
1031 1050
1050 1051
1051 1052
931 1053
1053 1054
931 1055
1055 1056
1056 1057
1057 1058
1055 1059
1059 1060
1060 1061
1055 1062
1062 1063
1063 1064
1055 1065
1065 1066
1066 1067
1055 1068
1068 1069
1069 1070
1055 1071
1071 1072
1072 1073
1055 1074
1074 1075
1075 1076
1055 1077
1077 1078
1078 1079
1055 1080
1080 1081
1081 1082
1055 1083
1083 1084
1084 1085
1055 1086
1086 1087
1087 1088
1055 1089
1089 1090
1090 1091
1055 1092
1092 1093
1093 1094
1055 1095
1095 1096
1096 1097
1055 1098
1098 1099
1099 1100
1055 1101
1101 1102
1102 1103
1055 1104
1104 1105
1105 1106
1055 1107
1107 1108
1108 1109
1055 1110
1110 1111
1111 1112
1055 1113
1113 1114
1114 1115
1055 1116
1116 1117
1117 1118
1055 1119
1119 1120
1120 1121
1055 1122
1122 1123
1123 1124
1055 1125
1125 1126
1126 1127
1055 1128
1128 1129
1129 1130
1055 1131
1131 1132
1132 1133
931 1134
1134 1135
1135 1136
1136 1137
1136 1138
1135 1139
1139 1140
1139 1141
1135 1142
1142 1143
1142 1144
1134 1145
1145 1146
1146 1147
1147 1148
1147 1149
1146 1150
1150 1151
1150 1152
1146 1153
1153 1154
1153 1155
931 1156
1156 1157
931 1158
1158 1159
931 1160
1160 1161
1161 1162
1160 1163
1163 1164
1160 1165
1165 1166
1160 1167
1167 1168
1168 1169
1169 1170
1170 1171
1171 1172
1170 1173
1173 1174
1169 1175
1175 1176
1168 1177
1177 1178
931 1179
1179 1180
1180 1181
1179 1182
1182 1183
1179 1184
1184 1185
1179 1186
1186 1187
1179 1188
1188 1189
931 1190
1190 1191
1191 1192
1190 1193
1193 1194
931 1195
1195 1196
1196 1197
1195 1198
1198 1199
1195 1200
1200 1201
931 1202
1202 1203
1203 1204
1202 1205
931 1206
1206 1207
1207 1208
1206 1209
1209 1210
931 1211
1211 1212
1212 1213
1211 1214
1214 1215
1211 1216
1216 1217
931 1218
1218 1219
1219 1220
1218 1221
1221 1222
1218 1223
1223 1224
1218 1225
1225 1226
1218 1227
1227 1228
1227 1229
931 1230
1230 1231
1231 1232
1230 1233
1233 1234
1230 1235
1235 1236
1230 1237
1237 1238
1230 1239
1239 1240
1239 1241
931 1242
1242 1243
1242 1244
1242 1245
1245 1246
931 1247
1247 1248
1247 1249
1247 1250
1250 1251
931 1252
1252 1253
1252 1254
1252 1255
1255 1256
931 1257
1257 1258
1257 1259
1257 1260
1260 1261
931 1262
1262 1263
1262 1264
1264 1265
931 1266
1266 1267
1266 1268
1268 1269
931 1270
931 1271
1271 1272
1272 1273
1271 1274
931 1275
1275 1276
1276 1277
1275 1278
1278 1279
931 1280
1280 1281
1280 1282
931 1283
1283 1284
1283 1285
1283 1286
1286 1287
1283 1288
931 1289
1289 1290
1289 1291
1291 1292
1289 1293
1293 1294
1289 1295
1289 1296
931 1297
1297 1298
1297 1299
1297 1300
1300 1301
1297 1302
1297 1303
1297 1304
931 1305
1305 1306
1305 1307
1307 1308
1305 1309
1309 1310
931 1311
1311 1312
1311 1313
1313 1314
1311 1315
1315 1316
1311 1317
931 1318
1318 1319
1318 1320
1320 1321
931 1322
1322 1323
1322 1324
1324 1325
1322 1326
1322 1327
1327 1328
1322 1329
1329 1330
1322 1331
1331 1332
1322 1333
931 1334
1334 1335
1334 1336
1336 1337
1334 1338
931 1339
1339 1340
1339 1341
1339 1342
1339 1343
1343 1344
931 1345
1345 1346
1345 1347
1347 1348
1345 1349
1345 1350
1350 1351
1345 1352
1352 1353
1345 1354
931 1355
1355 1356
1355 1357
1357 1358
1355 1359
1355 1360
1360 1361
1355 1362
1362 1363
1355 1364
931 1365
1365 1366
1365 1367
1365 1368
1365 1369
1369 1370
931 1371
1371 1372
1371 1373
1371 1374
931 1375
1375 1376
1375 1377
1377 1378
1375 1379
1375 1380
931 1381
1381 1382
1381 1383
1383 1384
931 1385
1385 1386
1385 1387
931 1388
1388 1389
931 1390
1390 1391
1390 1392
1390 1393
931 1394
1394 1395
1394 1396
1396 1397
1394 1398
1398 1399
1394 1400
1400 1401
1394 1402
1402 1403
1394 1404
1404 1405
931 1406
1406 1407
1406 1408
1408 1409
1406 1410
1410 1411
1406 1412
1412 1413
1406 1414
1414 1415
1406 1416
1416 1417
931 1418
1418 1419
1418 1420
1420 1421
1418 1422
1422 1423
1418 1424
1424 1425
1418 1426
1426 1427
1418 1428
1428 1429
1418 1430
1430 1431
931 1432
1432 1433
1432 1434
1434 1435
1432 1436
1436 1437
1432 1438
1438 1439
1432 1440
1440 1441
1432 1442
1442 1443
1432 1444
1444 1445
1 1446
1446 1447
1447 1448
1447 1449
1446 1450
1450 1451
1450 1452
1452 1453
1446 1454
1454 1455
1454 1456
1456 1457
1454 1458
1458 1459
1446 1460
1460 1461
1460 1462
1462 1463
1446 1464
1464 1465
1464 1466
1446 1467
1467 1468
1468 1469
1446 1470
1470 1471
1470 1472
1470 1473
1446 1474
1474 1475
1474 1476
1474 1477
1474 1478
1478 1479
1446 1480
1480 1481
1480 1482
1482 1483
1446 1484
1484 1485
1485 1486
1484 1487
1484 1488
1488 1489
1446 1490
1490 1491
1490 1492
1490 1493
1490 1494
1490 1495
1495 1496
1446 1497
1497 1498
1497 1499
1497 1500
1497 1501
1501 1502
1446 1503
1503 1504
1503 1505
1503 1506
1446 1507
1507 1508
1507 1509
1507 1510
1 1511
1511 1512
1512 1513
1511 1514
1514 1515
1514 1516
1514 1517
1511 1518
1518 1519
1518 1520
1518 1521
1511 1522
1522 1523
1522 1524
1522 1525
1511 1526
1526 1527
1526 1528
1526 1529
1526 1530
1526 1531
1511 1532
1532 1533
1532 1534
1532 1535
1535 1536
1532 1537
1511 1538
1538 1539
1538 1540
1538 1541
1541 1542
1538 1543
1511 1544
1544 1545
1511 1546
1546 1547
1546 1548
1546 1549
1546 1550
1550 1551
1511 1552
1552 1553
1552 1554
1552 1555
1552 1556
1556 1557
1511 1558
1558 1559
1558 1560
1558 1561
1558 1562
1562 1563
1558 1564
1564 1565
1511 1566
1566 1567
1566 1568
1566 1569
1566 1570
1570 1571
1566 1572
1572 1573
1511 1574
1574 1575
1574 1576
1574 1577
1574 1578
1578 1579
1574 1580
1580 1581
1511 1582
1582 1583
1582 1584
1582 1585
1582 1586
1586 1587
1582 1588
1588 1589
1511 1590
1590 1591
1591 1592
1511 1593
1593 1594
1594 1595
1593 1596
1511 1597
1597 1598
1511 1599
1599 1600
1511 1601
1601 1602
1601 1603
1603 1604
1601 1605
1605 1606
1511 1607
1607 1608
1608 1609
1511 1610
1511 1611
1611 1612
1611 1613
1611 1614
1614 1615
1611 1616
1616 1617
1511 1618
1618 1619
1618 1620
1620 1621
1618 1622
1622 1623
1511 1624
1624 1625
1624 1626
1624 1627
1627 1628
1624 1629
1629 1630
1511 1631
1631 1632
1631 1633
1631 1634
1631 1635
1635 1636
1631 1637
1637 1638
1631 1639
1511 1640
1640 1641
1640 1642
1511 1643
1643 1644
1511 1645
1645 1646
1645 1647
1647 1648
1511 1649
1511 1650
1650 1651
1650 1652
1650 1653
1511 1654
1654 1655
1511 1656
1656 1657
1656 1658
1511 1659
1659 1660
1659 1661
1659 1662
1511 1663
1511 1664
1511 1665
1665 1666
1665 1667
1665 1668
1665 1669
1511 1670
1670 1671
1670 1672
1670 1673
1670 1674
1511 1675
1675 1676
1675 1677
1675 1678
1511 1679
1679 1680
1679 1681
1679 1682
1511 1683
1683 1684
1683 1685
1683 1686
1511 1687
1687 1688
1687 1689
1687 1690
1511 1691
1691 1692
1691 1693
1691 1694
1511 1695
1695 1696
1695 1697
1695 1698
1695 1699
1511 1700
1700 1701
1511 1702
1702 1703
1511 1704
1704 1705
1704 1706
1704 1707
1704 1708
1704 1709
1704 1710
1704 1711
1704 1712
1704 1713
1704 1714
1704 1715
1704 1716
1704 1717
1704 1718
1704 1719
1704 1720
1704 1721
1704 1722
1704 1723
1704 1724
1704 1725
1511 1726
1726 1727
1726 1728
1726 1729
1726 1730
1726 1731
1726 1732
1726 1733
1726 1734
1726 1735
1726 1736
1726 1737
1726 1738
1726 1739
1726 1740
1726 1741
1726 1742
1726 1743
1726 1744
1726 1745
1726 1746
1726 1747
1726 1748
1726 1749
1726 1750
1726 1751
1726 1752
1726 1753
1726 1754
1726 1755
1726 1756
1726 1757
1726 1758
1726 1759
1726 1760
1726 1761
1726 1762
1726 1763
1726 1764
1726 1765
1726 1766
1726 1767
1726 1768
1726 1769
1726 1770
1726 1771
1726 1772
1726 1773
1726 1774
1726 1775
1726 1776
1726 1777
1726 1778
1726 1779
1726 1780
1726 1781
1726 1782
1726 1783
1726 1784
1726 1785
1726 1786
1726 1787
1726 1788
1788 1789
1789 1790
1726 1791
1726 1792
1726 1793
1726 1794
1726 1795
1726 1796
1726 1797
1726 1798
1726 1799
1726 1800
1726 1801
1726 1802
1726 1803
1726 1804
1726 1805
1726 1806
1726 1807
1726 1808
1726 1809
1726 1810
1726 1811
1726 1812
1726 1813
1726 1814
1726 1815
1726 1816
1726 1817
1726 1818
1726 1819
1726 1820
1726 1821
1726 1822
1726 1823
1726 1824
1726 1825
1726 1826
1726 1827
1726 1828
1726 1829
1726 1830
1726 1831
1726 1832
1726 1833
1726 1834
1726 1835
1726 1836
1726 1837
1726 1838
1726 1839
1726 1840
1726 1841
1726 1842
1726 1843
1726 1844
1726 1845
1726 1846
1726 1847
1726 1848
1726 1849
1726 1850
1726 1851
1726 1852
1726 1853
1726 1854
1726 1855
1726 1856
1726 1857
1726 1858
1726 1859
1726 1860
1726 1861
1726 1862
1726 1863
1726 1864
1726 1865
1726 1866
1726 1867
1726 1868
1726 1869
1726 1870
1726 1871
1726 1872
1726 1873
1726 1874
1726 1875
1726 1876
1726 1877
1726 1878
1726 1879
1726 1880
1726 1881
1726 1882
1726 1883
1726 1884
1726 1885
1726 1886
1726 1887
1726 1888
1726 1889
1726 1890
1726 1891
1726 1892
1726 1893
1726 1894
1726 1895
1726 1896
1726 1897
1726 1898
1726 1899
1726 1900
1726 1901
1726 1902
1726 1903
1726 1904
1726 1905
1726 1906
1726 1907
1726 1908
1726 1909
1726 1910
1726 1911
1726 1912
1726 1913
1726 1914
1726 1915
1726 1916
1726 1917
1726 1918
1726 1919
1726 1920
1726 1921
1726 1922
1726 1923
1726 1924
1726 1925
1726 1926
1726 1927
1726 1928
1726 1929
1726 1930
1930 1931
1931 1932
1932 1933
1932 1934
1726 1935
1726 1936
1726 1937
1726 1938
1726 1939
1726 1940
1726 1941
1726 1942
1726 1943
1726 1944
1726 1945
1726 1946
1726 1947
1511 1948
1948 1949
1948 1950
1948 1951
1948 1952
1948 1953
1948 1954
1948 1955
1955 1956
1956 1957
1948 1958
1948 1959
1948 1960
1948 1961
1948 1962
1948 1963
1948 1964
1948 1965
1965 1966
1966 1967
1948 1968
1948 1969
1948 1970
1948 1971
1948 1972
1948 1973
1948 1974
1948 1975
1948 1976
1948 1977
1948 1978
1948 1979
1948 1980
1948 1981
1948 1982
1948 1983
1948 1984
1948 1985
1948 1986
1948 1987
1948 1988
1948 1989
1948 1990
1948 1991
1948 1992
1948 1993
1948 1994
1948 1995
1948 1996
1948 1997
1948 1998
1948 1999
1948 2000
1948 2001
1948 2002
1948 2003
1948 2004
1948 2005
1948 2006
1948 2007
1948 2008
1948 2009
1948 2010
1948 2011
1948 2012
1948 2013
1948 2014
1948 2015
1948 2016
1511 2017
2017 2018
2017 2019
2017 2020
1511 2021
2021 2022
2021 2023
1511 2024
2024 2025
1511 2026
2026 2027
2026 2028
2026 2029
2026 2030
2030 2031
1511 2032
2032 2033
1511 2034
2034 2035
1511 2036
2036 2037
1511 2038
2038 2039
2038 2040
2040 2041
1511 2042
2042 2043
2042 2044
2044 2045
1511 2046
2046 2047
2047 2048
2046 2049
2049 2050
1511 2051
1511 2052
2052 2053
1511 2054
2054 2055
2054 2056
2056 2057
1511 2058
2058 2059
1511 2060
2060 2061
1511 2062
2062 2063
1511 2064
2064 2065
1511 2066
2066 2067
2066 2068
2068 2069
1511 2070
2070 2071
2071 2072
1511 2073
2073 2074
2074 2075
1511 2076
2076 2077
2077 2078
2076 2079
2079 2080
1511 2081
2081 2082
2082 2083
1511 2084
2084 2085
2085 2086
1511 2087
2087 2088
2088 2089
2087 2090
2090 2091
1511 2092
2092 2093
2093 2094
1511 2095
2095 2096
2096 2097
2095 2098
2098 2099
2095 2100
2100 2101
1511 2102
2102 2103
2103 2104
2102 2105
2105 2106
2102 2107
2107 2108
1511 2109
2109 2110
2110 2111
2109 2112
2112 2113
2109 2114
2114 2115
1511 2116
2116 2117
2117 2118
2116 2119
2119 2120
2116 2121
2121 2122
1511 2123
2123 2124
1511 2125
2125 2126
1511 2127
2127 2128
1511 2129
2129 2130
2129 2131
2129 2132
2129 2133
2133 2134
1511 2135
2135 2136
1511 2137
1511 2138
2138 2139
2138 2140
2138 2141
1511 2142
2142 2143
2142 2144
2142 2145
2142 2146
2142 2147
2142 2148
1511 2149
2149 2150
2149 2151
2149 2152
1511 2153
2153 2154
2153 2155
2153 2156
2153 2157
2153 2158
2158 2159
1511 2160
2160 2161
2160 2162
2160 2163
2160 2164
1511 2165
2165 2166
2165 2167
2165 2168
2165 2169
2165 2170
2165 2171
2171 2172
1511 2173
2173 2174
2173 2175
1511 2176
2176 2177
2176 2178
2176 2179
2176 2180
1511 2181
2181 2182
2181 2183
1511 2184
2184 2185
2184 2186
1511 2187
2187 2188
2187 2189
2189 2190
1511 2191
1511 2192
2192 2193
2192 2194
2192 2195
2195 2196
1511 2197
2197 2198
2197 2199
1511 2200
2200 2201
2200 2202
2200 2203
2200 2204
2200 2205
2205 2206
2205 2207
2205 2208
2205 2209
1511 2210
1511 2211
2211 2212
2211 2213
2211 2214
2214 2215
1511 2216
2216 2217
2216 2218
2216 2219
2219 2220
1511 2221
2221 2222
1511 2223
2223 2224
2223 2225
2223 2226
2226 2227
1511 2228
2228 2229
2228 2230
2228 2231
2231 2232
1511 2233
1511 2234
2234 2235
2234 2236
1511 2237
2237 2238
2237 2239
2237 2240
2240 2241
2237 2242
2242 2243
2237 2244
1511 2245
2245 2246
1511 2247
1511 2248
1511 2249
1511 2250
2250 2251
2250 2252
1511 2253
2253 2254
2253 2255
1511 2256
2256 2257
2256 2258
1511 2259
2259 2260
1511 2261
2261 2262
1511 2263
1511 2264
1511 2265
2265 2266
1511 2267
1511 2268
2268 2269
2268 2270
2268 2271
2271 2272
1511 2273
2273 2274
2273 2275
2273 2276
2276 2277
1511 2278
2278 2279
2278 2280
2280 2281
1511 2282
2282 2283
2282 2284
2284 2285
1511 2286
2286 2287
1511 2288
2288 2289
2289 2290
1511 2291
2291 2292
1511 2293
2293 2294
2293 2295
2293 2296
2296 2297
1511 2298
2298 2299
2298 2300
2298 2301
2301 2302
1511 2303
2303 2304
2303 2305
2303 2306
2306 2307
2303 2308
2303 2309
2309 2310
2303 2311
2311 2312
2303 2313
1511 2314
2314 2315
1511 2316
2316 2317
2316 2318
2316 2319
1511 2320
2320 2321
2320 2322
2320 2323
2320 2324
2324 2325
1511 2326
2326 2327
2326 2328
2328 2329
1 2330
2330 2331
2331 2332
2331 2333
2333 2334
2334 2335
2334 2336
2330 2337
2337 2338
2338 2339
2339 2340
2338 2341
2341 2342
2341 2343
2343 2344
2338 2345
2345 2346
2346 2347
2345 2348
2338 2349
2349 2350
2350 2351
2349 2352
2352 2353
2353 2354
2353 2355
2355 2356
2349 2357
2357 2358
2358 2359
2359 2360
2358 2361
2357 2362
2362 2363
2363 2364
2364 2365
2365 2366
2364 2367
2367 2368
2363 2369
2362 2370
2370 2371
2371 2372
2371 2373
2370 2374
2374 2375
2375 2376
2374 2377
2370 2378
2378 2379
2370 2380
2357 2381
2330 2382
2382 2383
2382 2384
2384 2385
2385 2386
2386 2387
2385 2388
2388 2389
2389 2390
2389 2391
2385 2392
2392 2393
2393 2394
2394 2395
2385 2396
2396 2397
2397 2398
2398 2399
2399 2400
2400 2401
2401 2402
2400 2403
2403 2404
2404 2405
2399 2406
2406 2407
2385 2408
2408 2409
2409 2410
2410 2411
2410 2412
2412 2413
2413 2414
2412 2415
2412 2416
2416 2417
2412 2418
2418 2419
2409 2420
2420 2421
2421 2422
2422 2423
2421 2424
2424 2425
2420 2426
2426 2427
2409 2428
2428 2429
2429 2430
2428 2431
2431 2432
2409 2433
2433 2434
2434 2435
2435 2436
2433 2437
2437 2438
2438 2439
2437 2440
2440 2441
2409 2442
2442 2443
2443 2444
2442 2445
2445 2446
2446 2447
2445 2448
2448 2449
2409 2450
2450 2451
2451 2452
2452 2453
2453 2454
2452 2455
2455 2456
2452 2457
2457 2458
2458 2459
2458 2460
2460 2461
2452 2462
2462 2463
2463 2464
2464 2465
2451 2466
2466 2467
2450 2468
2468 2469
2409 2470
2470 2471
2470 2472
2472 2473
2473 2474
2474 2475
2473 2476
2476 2477
2473 2478
2478 2479
2479 2480
2473 2481
2481 2482
2482 2483
2483 2484
2484 2485
2485 2486
2484 2487
2487 2488
2488 2489
2483 2490
2490 2491
2481 2492
2492 2493
2473 2494
2409 2495
2495 2496
2496 2497
2497 2498
2498 2499
2497 2500
2500 2501
2496 2502
2502 2503
2503 2504
2502 2505
2495 2506
2506 2507
2409 2508
2508 2509
2509 2510
2510 2511
2509 2512
2512 2513
2508 2514
2408 2515
2515 2516
2385 2517
2517 2518
2518 2519
2519 2520
2518 2521
2521 2522
2517 2523
2523 2524
2524 2525
2525 2526
2524 2527
2527 2528
2330 2529
2529 2530
2530 2531
2531 2532
2530 2533
2533 2534
2533 2535
2535 2536
2530 2537
2537 2538
2538 2539
2537 2540
2530 2541
2541 2542
2542 2543
2541 2544
2544 2545
2545 2546
2545 2547
2547 2548
2541 2549
2549 2550
2550 2551
2551 2552
2552 2553
2551 2554
2550 2555
2555 2556
2556 2557
2555 2558
2558 2559
2549 2560
2560 2561
2561 2562
2562 2563
2563 2564
2562 2565
2565 2566
2561 2567
2560 2568
2568 2569
2569 2570
2569 2571
2568 2572
2572 2573
2573 2574
2572 2575
2568 2576
2576 2577
2568 2578
2549 2579
2330 2580
2580 2581
2581 2582
2582 2583
2583 2584
2581 2585
2585 2586
2586 2587
