1 2
2 3
3 4
4 5
3 6
6 7
6 8
8 9
3 10
10 11
11 12
11 13
10 14
14 15
15 16
16 17
17 18
18 19
19 20
20 21
21 22
20 23
23 24
24 25
19 26
26 27
17 28
15 29
29 30
29 31
31 32
32 33
32 34
34 35
35 36
34 37
37 38
29 39
39 40
40 41
41 42
40 43
43 44
3 45
45 46
46 47
46 48
45 49
49 50
50 51
51 52
50 53
53 54
45 55
55 56
56 57
57 58
56 59
59 60
60 61
60 62
62 63
56 64
64 65
65 66
66 67
67 68
66 69
65 70
70 71
71 72
70 73
73 74
64 75
75 76
76 77
77 78
78 79
77 80
80 81
76 82
75 83
83 84
84 85
84 86
83 87
87 88
88 89
87 90
83 91
91 92
83 93
93 94
94 95
95 96
94 97
97 98
98 99
99 100
98 101
101 102
64 103
103 104
104 105
105 106
104 107
107 108
1 109
109 110
110 111
111 112
110 113
113 114
113 115
115 116
110 117
117 118
118 119
118 120
117 121
121 122
122 123
123 124
124 125
125 126
126 127
127 128
128 129
127 130
130 131
131 132
126 133
133 134
124 135
122 136
136 137
136 138
138 139
139 140
139 141
141 142
142 143
141 144
144 145
136 146
146 147
147 148
148 149
147 150
150 151
110 152
152 153
153 154
153 155
152 156
156 157
157 158
158 159
157 160
160 161
161 162
161 163
163 164
157 165
165 166
166 167
167 168
168 169
167 170
166 171
171 172
172 173
171 174
174 175
165 176
176 177
177 178
178 179
179 180
178 181
181 182
177 183
176 184
184 185
185 186
185 187
184 188
188 189
189 190
188 191
184 192
192 193
184 194
194 195
195 196
196 197
195 198
198 199
199 200
200 201
199 202
202 203
165 204
204 205
205 206
206 207
205 208
208 209
1 210
210 211
211 212
212 213
211 214
214 215
214 216
216 217
211 218
218 219
219 220
219 221
218 222
222 223
223 224
224 225
223 226
226 227
218 228
228 229
229 230
229 231
211 232
232 233
233 234
233 235
232 236
236 237
237 238
238 239
237 240
240 241
241 242
241 243
243 244
237 245
245 246
246 247
247 248
246 249
245 250
250 251
251 252
252 253
253 254
252 255
255 256
251 257
250 258
258 259
259 260
259 261
258 262
262 263
263 264
262 265
258 266
266 267
258 268
268 269
269 270
270 271
269 272
272 273
273 274
274 275
273 276
276 277
245 278
278 279
279 280
280 281
279 282
282 283
1 284
284 285
285 286
286 287
285 288
288 289
288 290
290 291
285 292
292 293
293 294
293 295
292 296
296 297
297 298
297 299
285 300
300 301
301 302
301 303
300 304
304 305
305 306
306 307
305 308
308 309
309 310
309 311
311 312
305 313
313 314
314 315
315 316
314 317
313 318
318 319
319 320
320 321
321 322
320 323
323 324
319 325
318 326
326 327
327 328
327 329
326 330
330 331
331 332
330 333
326 334
334 335
326 336
336 337
337 338
338 339
337 340
340 341
341 342
342 343
341 344
344 345
313 346
346 347
347 348
348 349
347 350
350 351
1 352
352 353
353 354
354 355
355 356
353 357
357 358
358 359
353 360
360 361
361 362
353 363
363 364
364 365
