1 2
2 3
3 4
4 5
3 6
6 7
6 8
8 9
3 10
10 11
10 12
3 13
13 14
14 15
13 16
16 17
17 18
17 19
19 20
13 21
21 22
22 23
23 24
22 25
21 26
26 27
27 28
28 29
29 30
28 31
31 32
27 33
26 34
34 35
35 36
35 37
34 38
38 39
39 40
38 41
34 42
42 43
34 44
44 45
45 46
46 47
45 48
48 49
49 50
50 51
49 52
52 53
21 54
54 55
55 56
56 57
55 58
58 59
1 60
60 61
61 62
62 63
61 64
64 65
64 66
66 67
61 68
68 69
69 70
70 71
71 72
72 73
73 74
74 75
73 76
76 77
77 78
72 79
79 80
70 81
68 82
82 83
82 84
84 85
85 86
85 87
87 88
88 89
87 90
90 91
82 92
92 93
93 94
94 95
93 96
96 97
61 98
98 99
99 100
98 101
101 102
102 103
102 104
104 105
98 106
106 107
107 108
108 109
109 110
108 111
107 112
112 113
113 114
112 115
115 116
106 117
117 118
118 119
119 120
120 121
119 122
122 123
118 124
117 125
125 126
126 127
126 128
125 129
129 130
130 131
129 132
125 133
133 134
125 135
135 136
136 137
137 138
136 139
139 140
140 141
141 142
140 143
143 144
106 145
145 146
146 147
147 148
146 149
149 150
1 151
151 152
152 153
153 154
154 155
152 156
156 157
157 158
