1 2
2 3
1 4
4 5
5 6
6 7
5 8
8 9
8 10
10 11
5 12
12 13
13 14
14 15
13 16
12 17
17 18
18 19
19 20
20 21
21 22
22 23
23 24
24 25
23 26
26 27
27 28
22 29
29 30
20 31
18 32
32 33
32 34
34 35
35 36
35 37
37 38
38 39
37 40
40 41
32 42
42 43
43 44
44 45
43 46
46 47
5 48
48 49
49 50
50 51
49 52
48 53
53 54
54 55
55 56
54 57
57 58
48 59
59 60
60 61
61 62
60 63
63 64
64 65
64 66
66 67
60 68
68 69
69 70
70 71
71 72
70 73
69 74
74 75
75 76
74 77
77 78
68 79
79 80
80 81
81 82
82 83
81 84
84 85
80 86
79 87
87 88
88 89
88 90
87 91
91 92
92 93
91 94
87 95
95 96
87 97
97 98
98 99
99 100
98 101
101 102
102 103
103 104
102 105
105 106
68 107
107 108
108 109
109 110
108 111
111 112
1 113
113 114
114 115
115 116
114 117
117 118
117 119
119 120
114 121
121 122
122 123
123 124
122 125
121 126
126 127
127 128
128 129
129 130
130 131
131 132
132 133
133 134
132 135
135 136
136 137
131 138
138 139
129 140
127 141
141 142
141 143
143 144
144 145
144 146
146 147
147 148
146 149
149 150
141 151
151 152
152 153
153 154
152 155
155 156
114 157
157 158
158 159
159 160
158 161
157 162
162 163
163 164
164 165
163 166
166 167
167 168
167 169
169 170
163 171
171 172
172 173
173 174
174 175
173 176
172 177
177 178
178 179
177 180
180 181
171 182
182 183
183 184
184 185
185 186
184 187
187 188
183 189
182 190
190 191
191 192
191 193
190 194
194 195
195 196
194 197
190 198
198 199
190 200
200 201
201 202
202 203
201 204
204 205
205 206
206 207
205 208
208 209
171 210
210 211
211 212
212 213
211 214
214 215
1 216
216 217
217 218
218 219
217 220
220 221
220 222
222 223
217 224
224 225
225 226
226 227
225 228
224 229
229 230
230 231
231 232
230 233
233 234
224 235
235 236
236 237
236 238
217 239
239 240
240 241
241 242
240 243
239 244
244 245
245 246
246 247
245 248
248 249
249 250
249 251
251 252
245 253
253 254
254 255
255 256
254 257
253 258
258 259
259 260
260 261
261 262
260 263
263 264
259 265
258 266
266 267
267 268
267 269
266 270
270 271
271 272
270 273
266 274
274 275
266 276
276 277
277 278
278 279
277 280
280 281
281 282
282 283
281 284
284 285
253 286
286 287
287 288
288 289
287 290
290 291
1 292
292 293
293 294
294 295
293 296
296 297
296 298
298 299
293 300
300 301
301 302
302 303
301 304
300 305
305 306
306 307
306 308
293 309
309 310
310 311
311 312
310 313
309 314
314 315
315 316
316 317
315 318
318 319
319 320
319 321
321 322
315 323
323 324
324 325
325 326
324 327
323 328
328 329
329 330
330 331
331 332
330 333
333 334
329 335
328 336
336 337
337 338
337 339
336 340
340 341
341 342
340 343
336 344
344 345
336 346
346 347
347 348
348 349
347 350
350 351
351 352
352 353
351 354
354 355
323 356
356 357
357 358
358 359
357 360
360 361
1 362
362 363
363 364
364 365
365 366
363 367
367 368
368 369
363 370
370 371
371 372
363 373
373 374
374 375
