1 2
2 3
3 4
3 5
5 6
2 7
7 8
8 9
7 10
7 11
11 12
2 13
13 14
14 15
13 16
13 17
17 18
1 19
19 20
19 21
19 22
19 23
19 24
19 25
19 26
19 27
19 28
19 29
19 30
19 31
19 32
32 33
19 34
34 35
19 36
36 37
19 38
38 39
19 40
40 41
19 42
42 43
19 44
44 45
19 46
46 47
19 48
19 49
19 50
19 51
19 52
19 53
19 54
19 55
19 56
19 57
19 58
19 59
19 60
19 61
19 62
62 63
63 64
19 65
65 66
66 67
67 68
19 69
19 70
19 71
19 72
19 73
19 74
19 75
19 76
19 77
19 78
19 79
19 80
19 81
19 82
19 83
19 84
19 85
19 86
19 87
19 88
19 89
19 90
19 91
91 92
19 93
19 94
19 95
19 96
19 97
97 98
19 99
99 100
19 101
101 102
19 103
103 104
19 105
105 106
19 107
107 108
19 109
109 110
19 111
111 112
19 113
113 114
19 115
115 116
19 117
117 118
19 119
119 120
19 121
121 122
19 123
123 124
19 125
125 126
19 127
127 128
19 129
129 130
19 131
131 132
19 133
133 134
19 135
135 136
19 137
137 138
19 139
139 140
19 141
141 142
19 143
143 144
19 145
145 146
19 147
147 148
19 149
149 150
19 151
151 152
19 153
153 154
19 155
19 156
19 157
19 158
19 159
159 160
19 161
161 162
19 163
163 164
19 165
165 166
19 167
167 168
19 169
169 170
19 171
171 172
19 173
173 174
19 175
175 176
19 177
177 178
177 179
179 180
177 181
181 182
182 183
183 184
184 185
184 186
186 187
187 188
188 189
189 190
190 191
191 192
192 193
193 194
194 195
195 196
192 197
190 198
188 199
199 200
200 201
201 202
202 203
203 204
204 205
205 206
202 207
200 208
19 209
209 210
209 211
211 212
209 213
213 214
214 215
215 216
216 217
217 218
218 219
219 220
220 221
221 222
222 223
223 224
224 225
222 226
220 227
218 228
228 229
229 230
230 231
231 232
232 233
233 234
231 235
229 236
217 237
237 238
238 239
239 240
240 241
241 242
242 243
240 244
238 245
216 246
246 247
247 248
248 249
249 250
250 251
251 252
249 253
247 254
19 255
255 256
255 257
257 258
255 259
259 260
260 261
261 262
262 263
263 264
264 265
265 266
266 267
267 268
268 269
269 270
270 271
271 272
272 273
273 274
274 275
275 276
276 277
273 278
271 279
269 280
280 281
281 282
282 283
283 284
284 285
285 286
286 287
283 288
281 289
268 290
290 291
291 292
292 293
293 294
294 295
295 296
296 297
293 298
291 299
267 300
300 301
301 302
302 303
303 304
304 305
305 306
306 307
303 308
301 309
266 310
310 311
311 312
312 313
313 314
314 315
315 316
316 317
313 318
311 319
265 320
320 321
321 322
322 323
323 324
324 325
325 326
326 327
323 328
321 329
264 330
330 331
331 332
332 333
333 334
334 335
335 336
336 337
333 338
331 339
263 340
340 341
341 342
342 343
343 344
344 345
345 346
346 347
343 348
341 349
19 350
350 351
350 352
352 353
350 354
354 355
355 356
356 357
19 358
358 359
358 360
360 361
358 362
362 363
363 364
364 365
19 366
366 367
366 368
368 369
366 370
370 371
371 372
372 373
19 374
374 375
375 376
376 377
377 378
378 379
377 380
380 381
381 382
382 383
381 384
19 385
385 386
386 387
387 388
388 389
389 390
390 391
389 392
392 393
393 394
394 395
393 396
19 397
397 398
19 399
399 400
400 401
399 402
402 403
19 404
404 405
405 406
404 407
407 408
19 409
19 410
410 411
411 412
411 413
413 414
413 415
415 416
416 417
416 418
418 419
419 420
420 421
19 422
422 423
423 424
424 425
424 426
426 427
426 428
428 429
429 430
429 431
431 432
432 433
433 434
19 435
435 436
19 437
437 438
438 439
438 440
440 441
438 442
442 443
438 444
444 445
438 446
446 447
437 448
448 449
448 450
450 451
448 452
452 453
448 454
454 455
448 456
456 457
448 458
458 459
19 460
460 461
19 462
462 463
19 464
464 465
19 466
466 467
19 468
468 469
19 470
470 471
19 472
472 473
19 474
474 475
474 476
474 477
474 478
474 479
474 480
474 481
474 482
474 483
474 484
484 485
474 486
474 487
19 488
488 489
489 490
488 491
491 492
19 493
493 494
494 495
495 496
494 497
497 498
19 499
499 500
499 501
499 502
499 503
499 504
499 505
499 506
499 507
507 508
19 509
509 510
510 511
510 512
512 513
512 514
510 515
515 516
516 517
516 518
509 519
519 520
519 521
521 522
521 523
519 524
524 525
525 526
525 527
509 528
528 529
509 530
530 531
509 532
509 533
509 534
534 535
19 536
19 537
537 538
538 539
537 540
19 541
541 542
542 543
543 544
542 545
19 546
546 547
547 548
546 549
19 550
550 551
551 552
552 553
551 554
19 555
19 556
19 557
557 558
558 559
557 560
19 561
561 562
19 563
563 564
564 565
563 566
566 567
563 568
19 569
569 570
570 571
571 572
570 573
573 574
570 575
19 576
576 577
577 578
576 579
579 580
576 581
19 582
582 583
583 584
584 585
583 586
586 587
583 588
19 589
589 590
590 591
589 592
592 593
589 594
19 595
595 596
596 597
597 598
596 599
599 600
596 601
19 602
602 603
603 604
602 605
19 606
606 607
607 608
608 609
607 610
19 611
19 612
612 613
613 614
612 615
19 616
616 617
617 618
618 619
617 620
19 621
621 622
622 623
621 624
19 625
625 626
626 627
627 628
626 629
1 630
630 631
631 632
631 633
633 634
630 635
635 636
630 637
637 638
638 639
639 640
637 641
641 642
642 643
637 644
644 645
645 646
637 647
647 648
648 649
637 650
650 651
651 652
637 653
653 654
654 655
637 656
656 657
657 658
637 659
659 660
660 661
637 662
662 663
663 664
630 665
630 666
666 667
667 668
666 669
669 670
630 671
671 672
672 673
671 674
674 675
675 676
676 677
677 678
678 679
677 680
680 681
676 682
671 683
630 684
684 685
685 686
686 687
684 688
688 689
689 690
684 691
691 692
692 693
684 694
694 695
695 696
684 697
697 698
698 699
684 700
700 701
701 702
684 703
703 704
704 705
684 706
706 707
707 708
684 709
709 710
710 711
684 712
712 713
713 714
684 715
715 716
716 717
684 718
718 719
719 720
684 721
721 722
722 723
684 724
724 725
725 726
684 727
727 728
728 729
684 730
730 731
731 732
684 733
733 734
734 735
684 736
736 737
737 738
684 739
739 740
740 741
684 742
742 743
743 744
684 745
745 746
746 747
684 748
748 749
749 750
630 751
751 752
751 753
753 754
751 755
755 756
751 757
757 758
751 759
751 760
760 761
751 762
630 763
763 764
764 765
763 766
763 767
763 768
630 769
769 770
769 771
771 772
769 773
773 774
630 775
775 776
776 777
777 778
775 779
779 780
780 781
630 782
782 783
783 784
782 785
785 786
782 787
787 788
630 789
789 790
789 791
630 792
792 793
792 794
794 795
630 796
796 797
797 798
798 799
796 800
796 801
630 802
802 803
803 804
802 805
630 806
806 807
806 808
806 809
630 810
810 811
810 812
810 813
810 814
814 815
630 816
816 817
816 818
818 819
816 820
820 821
630 822
822 823
822 824
824 825
822 826
826 827
630 828
828 829
828 830
830 831
828 832
832 833
630 834
834 835
834 836
836 837
834 838
838 839
630 840
840 841
840 842
840 843
840 844
844 845
840 846
630 847
847 848
847 849
847 850
847 851
851 852
847 853
630 854
854 855
854 856
854 857
854 858
858 859
854 860
854 861
861 862
854 863
863 864
630 865
865 866
865 867
865 868
865 869
869 870
865 871
865 872
872 873
865 874
874 875
630 876
876 877
876 878
876 879
879 880
876 881
630 882
882 883
882 884
884 885
882 886
882 887
630 888
888 889
888 890
888 891
891 892
888 893
630 894
894 895
894 896
896 897
894 898
894 899
894 900
900 901
630 902
902 903
902 904
902 905
902 906
902 907
907 908
630 909
909 910
909 911
909 912
909 913
909 914
914 915
630 916
916 917
916 918
630 919
919 920
919 921
921 922
919 923
923 924
630 925
925 926
925 927
927 928
925 929
929 930
925 931
630 932
932 933
932 934
630 935
935 936
630 937
937 938
937 939
1 940
940 941
1 942
942 943
1 944
944 945
1 946
946 947
1 948
948 949
949 950
948 951
951 952
952 953
948 954
954 955
955 956
954 957
957 958
948 959
959 960
960 961
959 962
962 963
959 964
948 965
965 966
965 967
967 968
965 969
969 970
948 971
971 972
972 973
973 974
971 975
975 976
976 977
971 978
978 979
979 980
971 981
981 982
982 983
971 984
984 985
985 986
971 987
987 988
988 989
971 990
990 991
991 992
971 993
993 994
994 995
971 996
996 997
997 998
971 999
999 1000
1000 1001
971 1002
1002 1003
1003 1004
971 1005
1005 1006
1006 1007
971 1008
1008 1009
1009 1010
971 1011
1011 1012
1012 1013
971 1014
1014 1015
1015 1016
971 1017
1017 1018
1018 1019
971 1020
1020 1021
1021 1022
971 1023
1023 1024
1024 1025
971 1026
1026 1027
1027 1028
971 1029
1029 1030
1030 1031
971 1032
1032 1033
1033 1034
971 1035
1035 1036
1036 1037
971 1038
1038 1039
1039 1040
971 1041
1041 1042
1042 1043
971 1044
1044 1045
1045 1046
971 1047
948 1048
1048 1049
1049 1050
1050 1051
1048 1052
1052 1053
1053 1054
1048 1055
1055 1056
1056 1057
1048 1058
1058 1059
1059 1060
1048 1061
1061 1062
1062 1063
1048 1064
1064 1065
1065 1066
1048 1067
1067 1068
1068 1069
948 1070
1070 1071
948 1072
1072 1073
1073 1074
1074 1075
1072 1076
1076 1077
1077 1078
1072 1079
1079 1080
1080 1081
1072 1082
1082 1083
1083 1084
1072 1085
1085 1086
1086 1087
1072 1088
1088 1089
1089 1090
1072 1091
1091 1092
1092 1093
1072 1094
1094 1095
1095 1096
1072 1097
1097 1098
1098 1099
1072 1100
1100 1101
1101 1102
1072 1103
1103 1104
1104 1105
1072 1106
1106 1107
1107 1108
1072 1109
1109 1110
1110 1111
1072 1112
1112 1113
1113 1114
1072 1115
1115 1116
1116 1117
1072 1118
1118 1119
1119 1120
1072 1121
1121 1122
1122 1123
1072 1124
1124 1125
1125 1126
1072 1127
1127 1128
1128 1129
1072 1130
1130 1131
1131 1132
1072 1133
1133 1134
1134 1135
1072 1136
1136 1137
1137 1138
1072 1139
1139 1140
1140 1141
1072 1142
1142 1143
1143 1144
1072 1145
1145 1146
1146 1147
1072 1148
1148 1149
1149 1150
948 1151
1151 1152
1152 1153
1153 1154
1153 1155
1152 1156
1156 1157
1156 1158
1152 1159
1159 1160
1159 1161
1151 1162
1162 1163
1163 1164
1164 1165
1164 1166
1163 1167
1167 1168
1167 1169
1163 1170
1170 1171
1170 1172
948 1173
1173 1174
948 1175
1175 1176
948 1177
1177 1178
1178 1179
1177 1180
1180 1181
1177 1182
1182 1183
1177 1184
1184 1185
1185 1186
1186 1187
1187 1188
1188 1189
1187 1190
1190 1191
1186 1192
1192 1193
1185 1194
1194 1195
948 1196
1196 1197
1197 1198
1196 1199
1199 1200
1196 1201
1201 1202
1196 1203
1203 1204
1196 1205
1205 1206
948 1207
1207 1208
1208 1209
1207 1210
1210 1211
948 1212
1212 1213
1213 1214
1212 1215
1215 1216
1212 1217
1217 1218
948 1219
1219 1220
1220 1221
1219 1222
948 1223
1223 1224
1224 1225
1223 1226
1226 1227
948 1228
1228 1229
1229 1230
1228 1231
1231 1232
1228 1233
1233 1234
948 1235
1235 1236
1236 1237
1235 1238
1238 1239
1235 1240
1240 1241
1235 1242
1242 1243
1235 1244
1244 1245
1244 1246
948 1247
1247 1248
1248 1249
1247 1250
1250 1251
1247 1252
1252 1253
1247 1254
1254 1255
1247 1256
1256 1257
1256 1258
948 1259
1259 1260
1259 1261
1259 1262
1262 1263
948 1264
1264 1265
1264 1266
1264 1267
1267 1268
948 1269
1269 1270
1269 1271
1269 1272
1272 1273
948 1274
1274 1275
1274 1276
1274 1277
1277 1278
948 1279
1279 1280
1279 1281
1281 1282
948 1283
1283 1284
1283 1285
1285 1286
948 1287
948 1288
1288 1289
1289 1290
1288 1291
948 1292
1292 1293
1293 1294
1292 1295
1295 1296
948 1297
1297 1298
1297 1299
948 1300
1300 1301
1300 1302
1300 1303
1303 1304
1300 1305
948 1306
1306 1307
1306 1308
1308 1309
1306 1310
1310 1311
1306 1312
1306 1313
948 1314
1314 1315
1314 1316
1314 1317
1317 1318
1314 1319
1314 1320
1314 1321
948 1322
1322 1323
1322 1324
1324 1325
1322 1326
1326 1327
948 1328
1328 1329
1328 1330
1330 1331
1328 1332
1332 1333
1328 1334
948 1335
1335 1336
1335 1337
1337 1338
948 1339
1339 1340
1339 1341
1341 1342
1339 1343
1339 1344
1344 1345
1339 1346
1346 1347
1339 1348
1348 1349
1339 1350
948 1351
1351 1352
1351 1353
1353 1354
1351 1355
948 1356
1356 1357
1356 1358
1356 1359
1356 1360
1360 1361
948 1362
1362 1363
1362 1364
1364 1365
1362 1366
1362 1367
1367 1368
1362 1369
1369 1370
1362 1371
948 1372
1372 1373
1372 1374
1374 1375
1372 1376
1372 1377
1377 1378
1372 1379
1379 1380
1372 1381
948 1382
1382 1383
1382 1384
1382 1385
1382 1386
1386 1387
948 1388
1388 1389
1388 1390
1388 1391
948 1392
1392 1393
1392 1394
1394 1395
1392 1396
1392 1397
948 1398
1398 1399
1398 1400
1400 1401
948 1402
1402 1403
1402 1404
948 1405
1405 1406
948 1407
1407 1408
1407 1409
1407 1410
948 1411
1411 1412
1411 1413
1413 1414
1411 1415
1415 1416
1411 1417
1417 1418
1411 1419
1419 1420
1411 1421
1421 1422
948 1423
1423 1424
1423 1425
1425 1426
1423 1427
1427 1428
1423 1429
1429 1430
1423 1431
1431 1432
1423 1433
1433 1434
948 1435
1435 1436
1435 1437
1437 1438
1435 1439
1439 1440
1435 1441
1441 1442
1435 1443
1443 1444
1435 1445
1445 1446
1435 1447
1447 1448
948 1449
1449 1450
1449 1451
1451 1452
1449 1453
1453 1454
1449 1455
1455 1456
1449 1457
1457 1458
1449 1459
1459 1460
1449 1461
1461 1462
1 1463
1463 1464
1464 1465
1464 1466
1463 1467
1467 1468
1467 1469
1469 1470
1463 1471
1471 1472
1471 1473
1473 1474
1471 1475
1475 1476
1463 1477
1477 1478
1477 1479
1479 1480
1463 1481
1481 1482
1481 1483
1463 1484
1484 1485
1485 1486
1463 1487
1487 1488
1487 1489
1487 1490
1463 1491
1491 1492
1491 1493
1491 1494
1491 1495
1495 1496
1463 1497
1497 1498
1497 1499
1499 1500
1463 1501
1501 1502
1502 1503
1501 1504
1501 1505
1505 1506
1463 1507
1507 1508
1507 1509
1507 1510
1507 1511
1507 1512
1512 1513
1463 1514
1514 1515
1514 1516
1514 1517
1514 1518
1518 1519
1463 1520
1520 1521
1520 1522
1520 1523
1463 1524
1524 1525
1524 1526
1524 1527
1 1528
1528 1529
1529 1530
1528 1531
1531 1532
1531 1533
1531 1534
1528 1535
1535 1536
1535 1537
1535 1538
1528 1539
1539 1540
1539 1541
1539 1542
1528 1543
1543 1544
1543 1545
1543 1546
1543 1547
1543 1548
1528 1549
1549 1550
1549 1551
1549 1552
1552 1553
1549 1554
1528 1555
1555 1556
1555 1557
1555 1558
1558 1559
1555 1560
1528 1561
1561 1562
1528 1563
1563 1564
1563 1565
1563 1566
1563 1567
1567 1568
1528 1569
1569 1570
1569 1571
1569 1572
1569 1573
1573 1574
1528 1575
1575 1576
1575 1577
1575 1578
1575 1579
1579 1580
1575 1581
1581 1582
1528 1583
1583 1584
1583 1585
1583 1586
1583 1587
1587 1588
1583 1589
1589 1590
1528 1591
1591 1592
1591 1593
1591 1594
1591 1595
1595 1596
1591 1597
1597 1598
1528 1599
1599 1600
1599 1601
1599 1602
1599 1603
1603 1604
1599 1605
1605 1606
1528 1607
1607 1608
1608 1609
1528 1610
1610 1611
1611 1612
1610 1613
1528 1614
1614 1615
1528 1616
1616 1617
1528 1618
1618 1619
1618 1620
1620 1621
1618 1622
1622 1623
1528 1624
1624 1625
1625 1626
1528 1627
1528 1628
1628 1629
1628 1630
1628 1631
1631 1632
1628 1633
1633 1634
1528 1635
1635 1636
1635 1637
1637 1638
1635 1639
1639 1640
1528 1641
1641 1642
1641 1643
1641 1644
1644 1645
1641 1646
1646 1647
1528 1648
1648 1649
1648 1650
1648 1651
1648 1652
1652 1653
1648 1654
1654 1655
1648 1656
1528 1657
1657 1658
1657 1659
1528 1660
1660 1661
1528 1662
1662 1663
1662 1664
1664 1665
1528 1666
1528 1667
1667 1668
1667 1669
1667 1670
1528 1671
1671 1672
1528 1673
1673 1674
1673 1675
1528 1676
1676 1677
1676 1678
1676 1679
1528 1680
1528 1681
1528 1682
1682 1683
1682 1684
1682 1685
1682 1686
1528 1687
1687 1688
1687 1689
1687 1690
1687 1691
1528 1692
1692 1693
1692 1694
1692 1695
1528 1696
1696 1697
1696 1698
1696 1699
1528 1700
1700 1701
1700 1702
1700 1703
1528 1704
1704 1705
1704 1706
1704 1707
1528 1708
1708 1709
1708 1710
1708 1711
1528 1712
1712 1713
1712 1714
1712 1715
1712 1716
1528 1717
1717 1718
1528 1719
1719 1720
1528 1721
1721 1722
1721 1723
1721 1724
1721 1725
1721 1726
1721 1727
1721 1728
1721 1729
1721 1730
1721 1731
1721 1732
1721 1733
1721 1734
1721 1735
1721 1736
1721 1737
1721 1738
1721 1739
1721 1740
1721 1741
1721 1742
1528 1743
1743 1744
1743 1745
1743 1746
1743 1747
1743 1748
1743 1749
1743 1750
1743 1751
1743 1752
1743 1753
1743 1754
1743 1755
1743 1756
1743 1757
1743 1758
1743 1759
1743 1760
1743 1761
1743 1762
1743 1763
1743 1764
1743 1765
1743 1766
1743 1767
1743 1768
1743 1769
1743 1770
1743 1771
1743 1772
1743 1773
1743 1774
1743 1775
1743 1776
1743 1777
1743 1778
1743 1779
1743 1780
1743 1781
1743 1782
1743 1783
1743 1784
1743 1785
1743 1786
1743 1787
1743 1788
1743 1789
1743 1790
1743 1791
1743 1792
1743 1793
1743 1794
1743 1795
1743 1796
1743 1797
1743 1798
1743 1799
1743 1800
1743 1801
1743 1802
1743 1803
1743 1804
1743 1805
1805 1806
1806 1807
1743 1808
1743 1809
1743 1810
1743 1811
1743 1812
1743 1813
1743 1814
1743 1815
1743 1816
1743 1817
1743 1818
1743 1819
1743 1820
1743 1821
1743 1822
1743 1823
1743 1824
1743 1825
1743 1826
1743 1827
1743 1828
1743 1829
1743 1830
1743 1831
1743 1832
1743 1833
1743 1834
1743 1835
1743 1836
1743 1837
1743 1838
1743 1839
1743 1840
1743 1841
1743 1842
1743 1843
1743 1844
1743 1845
1743 1846
1743 1847
1743 1848
1743 1849
1743 1850
1743 1851
1743 1852
1743 1853
1743 1854
1743 1855
1743 1856
1743 1857
1743 1858
1743 1859
1743 1860
1743 1861
1743 1862
1743 1863
1743 1864
1743 1865
1743 1866
1743 1867
1743 1868
1743 1869
1743 1870
1743 1871
1743 1872
1743 1873
1743 1874
1743 1875
1743 1876
1743 1877
1743 1878
1743 1879
1743 1880
1743 1881
1743 1882
1743 1883
1743 1884
1743 1885
1743 1886
1743 1887
1743 1888
1743 1889
1743 1890
1743 1891
1743 1892
1743 1893
1743 1894
1743 1895
1743 1896
1743 1897
1743 1898
1743 1899
1743 1900
1743 1901
1743 1902
1743 1903
1743 1904
1743 1905
1743 1906
1743 1907
1743 1908
1743 1909
1743 1910
1743 1911
1743 1912
1743 1913
1743 1914
1743 1915
1743 1916
1743 1917
1743 1918
1743 1919
1743 1920
1743 1921
1743 1922
1743 1923
1743 1924
1743 1925
1743 1926
1743 1927
1743 1928
1743 1929
1743 1930
1743 1931
1743 1932
1743 1933
1743 1934
1743 1935
1743 1936
1743 1937
1743 1938
1743 1939
1743 1940
1743 1941
1743 1942
1743 1943
1743 1944
1743 1945
1743 1946
1743 1947
1947 1948
1948 1949
1949 1950
1949 1951
1743 1952
1743 1953
1743 1954
1743 1955
1743 1956
1743 1957
1743 1958
1743 1959
1743 1960
1743 1961
1743 1962
1743 1963
1743 1964
1528 1965
1965 1966
1965 1967
1965 1968
1965 1969
1965 1970
1965 1971
1965 1972
1972 1973
1973 1974
1965 1975
1965 1976
1965 1977
1965 1978
1965 1979
1965 1980
1965 1981
1965 1982
1982 1983
1983 1984
1965 1985
1965 1986
1965 1987
1965 1988
1965 1989
1965 1990
1965 1991
1965 1992
1965 1993
1965 1994
1965 1995
1965 1996
1965 1997
1965 1998
1965 1999
1965 2000
1965 2001
1965 2002
1965 2003
1965 2004
1965 2005
1965 2006
1965 2007
1965 2008
1965 2009
1965 2010
1965 2011
1965 2012
1965 2013
1965 2014
1965 2015
1965 2016
1965 2017
1965 2018
1965 2019
1965 2020
1965 2021
1965 2022
1965 2023
1965 2024
1965 2025
1965 2026
1965 2027
1965 2028
1965 2029
1965 2030
1965 2031
1965 2032
1965 2033
1528 2034
2034 2035
2034 2036
2034 2037
1528 2038
2038 2039
2038 2040
1528 2041
2041 2042
1528 2043
2043 2044
2043 2045
2043 2046
2043 2047
2047 2048
1528 2049
2049 2050
1528 2051
2051 2052
1528 2053
2053 2054
1528 2055
2055 2056
2055 2057
2057 2058
1528 2059
2059 2060
2059 2061
2061 2062
1528 2063
2063 2064
2064 2065
2063 2066
2066 2067
1528 2068
1528 2069
2069 2070
1528 2071
2071 2072
2071 2073
2073 2074
1528 2075
2075 2076
1528 2077
2077 2078
1528 2079
2079 2080
1528 2081
2081 2082
1528 2083
2083 2084
2083 2085
2085 2086
1528 2087
2087 2088
2088 2089
1528 2090
2090 2091
2091 2092
1528 2093
2093 2094
2094 2095
2093 2096
2096 2097
1528 2098
2098 2099
2099 2100
1528 2101
2101 2102
2102 2103
1528 2104
2104 2105
2105 2106
2104 2107
2107 2108
1528 2109
2109 2110
2110 2111
1528 2112
2112 2113
2113 2114
2112 2115
2115 2116
2112 2117
2117 2118
1528 2119
2119 2120
2120 2121
2119 2122
2122 2123
2119 2124
2124 2125
1528 2126
2126 2127
2127 2128
2126 2129
2129 2130
2126 2131
2131 2132
1528 2133
2133 2134
2134 2135
2133 2136
2136 2137
2133 2138
2138 2139
1528 2140
2140 2141
1528 2142
2142 2143
1528 2144
2144 2145
1528 2146
2146 2147
2146 2148
2146 2149
2146 2150
2150 2151
1528 2152
2152 2153
1528 2154
1528 2155
2155 2156
2155 2157
2155 2158
1528 2159
2159 2160
2159 2161
2159 2162
2159 2163
2159 2164
2159 2165
1528 2166
2166 2167
2166 2168
2166 2169
1528 2170
2170 2171
2170 2172
2170 2173
2170 2174
2170 2175
2175 2176
1528 2177
2177 2178
2177 2179
2177 2180
2177 2181
1528 2182
2182 2183
2182 2184
2182 2185
2182 2186
2182 2187
2182 2188
2188 2189
1528 2190
2190 2191
2190 2192
1528 2193
2193 2194
2193 2195
2193 2196
2193 2197
1528 2198
2198 2199
2198 2200
1528 2201
2201 2202
2201 2203
1528 2204
2204 2205
2204 2206
2206 2207
1528 2208
1528 2209
2209 2210
2209 2211
2209 2212
2212 2213
1528 2214
2214 2215
2214 2216
1528 2217
2217 2218
2217 2219
2217 2220
2217 2221
2217 2222
2222 2223
2222 2224
2222 2225
2222 2226
1528 2227
1528 2228
2228 2229
2228 2230
2228 2231
2231 2232
1528 2233
2233 2234
2233 2235
2233 2236
2236 2237
1528 2238
2238 2239
1528 2240
2240 2241
2240 2242
2240 2243
2243 2244
1528 2245
2245 2246
2245 2247
2245 2248
2248 2249
1528 2250
1528 2251
2251 2252
2251 2253
1528 2254
2254 2255
2254 2256
2254 2257
2257 2258
2254 2259
2259 2260
2254 2261
1528 2262
2262 2263
1528 2264
1528 2265
1528 2266
1528 2267
2267 2268
2267 2269
1528 2270
2270 2271
2270 2272
1528 2273
2273 2274
2273 2275
1528 2276
2276 2277
1528 2278
2278 2279
1528 2280
1528 2281
1528 2282
2282 2283
1528 2284
1528 2285
2285 2286
2285 2287
2285 2288
2288 2289
1528 2290
2290 2291
2290 2292
2290 2293
2293 2294
1528 2295
2295 2296
2295 2297
2297 2298
1528 2299
2299 2300
2299 2301
2301 2302
1528 2303
2303 2304
1528 2305
2305 2306
2306 2307
1528 2308
2308 2309
1528 2310
2310 2311
2310 2312
2310 2313
2313 2314
1528 2315
2315 2316
2315 2317
2315 2318
2318 2319
1528 2320
2320 2321
2320 2322
2320 2323
2323 2324
2320 2325
2320 2326
2326 2327
2320 2328
2328 2329
2320 2330
1528 2331
2331 2332
1528 2333
2333 2334
2333 2335
2333 2336
1528 2337
2337 2338
2337 2339
2337 2340
2337 2341
2341 2342
1528 2343
2343 2344
2343 2345
2345 2346
1 2347
2347 2348
2348 2349
2349 2350
2350 2351
2349 2352
2352 2353
2352 2354
2354 2355
2349 2356
2356 2357
2356 2358
2349 2359
2359 2360
2360 2361
2360 2362
2362 2363
2363 2364
2363 2365
2349 2366
2366 2367
2367 2368
2368 2369
2366 2370
2370 2371
2349 2372
2372 2373
2373 2374
2347 2375
2375 2376
2376 2377
2377 2378
2376 2379
2379 2380
2379 2381
2381 2382
2376 2383
2383 2384
2384 2385
2383 2386
2386 2387
2387 2388
2387 2389
2383 2390
2390 2391
2391 2392
2392 2393
2383 2394
2394 2395
2395 2396
2396 2397
2397 2398
2398 2399
2399 2400
2398 2401
2401 2402
2402 2403
2397 2404
2404 2405
2383 2406
2406 2407
2407 2408
2408 2409
2408 2410
2410 2411
2411 2412
2410 2413
2410 2414
2414 2415
2410 2416
2416 2417
2407 2418
2418 2419
2419 2420
2420 2421
2419 2422
2422 2423
2418 2424
2424 2425
2407 2426
2426 2427
2427 2428
2426 2429
2429 2430
2407 2431
2431 2432
2432 2433
2433 2434
2431 2435
2435 2436
2436 2437
2435 2438
2438 2439
2407 2440
2440 2441
2441 2442
2440 2443
2443 2444
2444 2445
2443 2446
2446 2447
2407 2448
2448 2449
2449 2450
2450 2451
2451 2452
2450 2453
2453 2454
2450 2455
2455 2456
2456 2457
2456 2458
2458 2459
2450 2460
2460 2461
2461 2462
2462 2463
2449 2464
2464 2465
2448 2466
2466 2467
2407 2468
2468 2469
2468 2470
2470 2471
2471 2472
2472 2473
2471 2474
2474 2475
2471 2476
2476 2477
2477 2478
2471 2479
2479 2480
2480 2481
2481 2482
2482 2483
2483 2484
2482 2485
2485 2486
2486 2487
2481 2488
2488 2489
2479 2490
2490 2491
2471 2492
2407 2493
2493 2494
2494 2495
2495 2496
2496 2497
2495 2498
2498 2499
2494 2500
2500 2501
2501 2502
2500 2503
2493 2504
2504 2505
2407 2506
2506 2507
2507 2508
2508 2509
2507 2510
2510 2511
2506 2512
2406 2513
2513 2514
2383 2515
2515 2516
2516 2517
2517 2518
2516 2519
2519 2520
2515 2521
2521 2522
2522 2523
2523 2524
2522 2525
2525 2526
2376 2527
2527 2528
2528 2529
2528 2530
2530 2531
2531 2532
2531 2533
2376 2534
2534 2535
2535 2536
2536 2537
2534 2538
2538 2539
2376 2540
2540 2541
2541 2542
2347 2543
2543 2544
2544 2545
2545 2546
2546 2547
2544 2548
2548 2549
2549 2550
