1 2
2 3
1 4
4 5
1 6
6 7
7 8
8 9
7 10
10 11
10 12
12 13
7 14
14 15
15 16
14 17
17 18
18 19
19 20
20 21
21 22
22 23
23 24
24 25
23 26
26 27
27 28
22 29
29 30
20 31
18 32
32 33
32 34
34 35
35 36
35 37
37 38
38 39
37 40
40 41
32 42
42 43
43 44
44 45
43 46
46 47
7 48
48 49
49 50
48 51
51 52
52 53
53 54
52 55
55 56
48 57
57 58
58 59
59 60
58 61
61 62
62 63
62 64
64 65
58 66
66 67
67 68
68 69
69 70
68 71
67 72
72 73
73 74
72 75
75 76
66 77
77 78
78 79
79 80
80 81
79 82
82 83
78 84
77 85
85 86
86 87
86 88
85 89
89 90
90 91
89 92
85 93
93 94
85 95
95 96
96 97
97 98
96 99
99 100
100 101
101 102
100 103
103 104
66 105
105 106
106 107
107 108
106 109
109 110
1 111
111 112
112 113
113 114
112 115
115 116
115 117
117 118
112 119
119 120
120 121
119 122
122 123
123 124
124 125
125 126
126 127
127 128
128 129
129 130
128 131
131 132
132 133
127 134
134 135
125 136
123 137
137 138
137 139
139 140
140 141
140 142
142 143
143 144
142 145
145 146
137 147
147 148
148 149
149 150
148 151
151 152
112 153
153 154
154 155
153 156
156 157
157 158
158 159
157 160
160 161
161 162
161 163
163 164
157 165
165 166
166 167
167 168
168 169
167 170
166 171
171 172
172 173
171 174
174 175
165 176
176 177
177 178
178 179
179 180
178 181
181 182
177 183
176 184
184 185
185 186
185 187
184 188
188 189
189 190
188 191
184 192
192 193
184 194
194 195
195 196
196 197
195 198
198 199
199 200
200 201
199 202
202 203
165 204
204 205
205 206
206 207
205 208
208 209
1 210
210 211
211 212
212 213
211 214
214 215
214 216
216 217
211 218
218 219
219 220
218 221
221 222
222 223
223 224
222 225
225 226
218 227
227 228
228 229
228 230
211 231
231 232
232 233
231 234
234 235
235 236
236 237
235 238
238 239
239 240
239 241
241 242
235 243
243 244
244 245
245 246
244 247
243 248
248 249
249 250
250 251
251 252
250 253
253 254
249 255
248 256
256 257
257 258
257 259
256 260
260 261
261 262
260 263
256 264
264 265
256 266
266 267
267 268
268 269
267 270
270 271
271 272
272 273
271 274
274 275
243 276
276 277
277 278
278 279
277 280
280 281
1 282
282 283
283 284
284 285
283 286
286 287
286 288
288 289
283 290
290 291
291 292
290 293
293 294
294 295
294 296
283 297
297 298
298 299
297 300
300 301
301 302
302 303
301 304
304 305
305 306
305 307
307 308
301 309
309 310
310 311
311 312
310 313
309 314
314 315
315 316
316 317
317 318
316 319
319 320
315 321
314 322
322 323
323 324
323 325
322 326
326 327
327 328
326 329
322 330
330 331
322 332
332 333
333 334
334 335
333 336
336 337
337 338
338 339
337 340
340 341
309 342
342 343
343 344
344 345
343 346
346 347
1 348
348 349
349 350
350 351
351 352
349 353
353 354
354 355
349 356
356 357
357 358
349 359
359 360
360 361
