1 2
2 3
3 4
4 5
3 6
6 7
6 8
8 9
3 10
10 11
11 12
12 13
10 14
14 15
15 16
16 17
17 18
18 19
19 20
20 21
21 22
20 23
23 24
24 25
19 26
26 27
17 28
15 29
29 30
29 31
31 32
32 33
32 34
34 35
35 36
34 37
37 38
29 39
39 40
40 41
41 42
40 43
43 44
10 45
45 46
46 47
47 48
48 49
49 50
50 51
51 52
52 53
51 54
54 55
55 56
50 57
57 58
48 59
46 60
60 61
60 62
62 63
63 64
63 65
65 66
66 67
65 68
68 69
60 70
70 71
71 72
72 73
71 74
74 75
3 76
76 77
77 78
78 79
76 80
80 81
81 82
82 83
81 84
84 85
85 86
85 87
87 88
81 89
89 90
90 91
91 92
92 93
91 94
90 95
95 96
96 97
95 98
98 99
89 100
100 101
101 102
102 103
103 104
102 105
105 106
101 107
100 108
108 109
109 110
109 111
108 112
112 113
113 114
112 115
108 116
116 117
108 118
118 119
119 120
120 121
119 122
122 123
123 124
124 125
123 126
126 127
89 128
128 129
129 130
130 131
129 132
132 133
76 134
134 135
135 136
136 137
135 138
138 139
139 140
139 141
141 142
135 143
143 144
144 145
145 146
146 147
145 148
144 149
149 150
150 151
149 152
152 153
143 154
154 155
155 156
156 157
157 158
156 159
159 160
155 161
154 162
162 163
163 164
163 165
162 166
166 167
167 168
166 169
162 170
170 171
162 172
172 173
173 174
174 175
173 176
176 177
177 178
178 179
177 180
180 181
143 182
182 183
183 184
184 185
183 186
186 187
1 188
188 189
189 190
190 191
189 192
192 193
192 194
194 195
189 196
196 197
197 198
198 199
196 200
200 201
201 202
201 203
196 204
204 205
205 206
205 207
189 208
208 209
209 210
210 211
208 212
212 213
213 214
214 215
213 216
216 217
217 218
217 219
219 220
213 221
221 222
222 223
223 224
222 225
221 226
226 227
227 228
228 229
229 230
228 231
231 232
227 233
226 234
234 235
235 236
235 237
234 238
238 239
239 240
238 241
234 242
242 243
234 244
244 245
245 246
246 247
245 248
248 249
249 250
250 251
249 252
252 253
221 254
254 255
255 256
256 257
255 258
258 259
208 260
260 261
261 262
262 263
261 264
264 265
265 266
265 267
267 268
261 269
269 270
270 271
271 272
270 273
269 274
274 275
275 276
276 277
277 278
276 279
279 280
275 281
274 282
282 283
283 284
283 285
282 286
286 287
287 288
286 289
282 290
290 291
282 292
292 293
293 294
294 295
293 296
296 297
297 298
298 299
297 300
300 301
269 302
302 303
303 304
304 305
303 306
306 307
1 308
308 309
309 310
310 311
311 312
309 313
313 314
314 315
