1 2
2 3
3 4
4 5
3 6
6 7
6 8
8 9
3 10
10 11
10 12
12 13
13 14
14 15
15 16
16 17
17 18
18 19
19 20
18 21
21 22
22 23
17 24
24 25
15 26
13 27
27 28
27 29
29 30
30 31
30 32
32 33
33 34
32 35
35 36
27 37
37 38
38 39
39 40
38 41
41 42
12 43
3 44
44 45
44 46
46 47
47 48
48 49
47 50
50 51
51 52
51 53
53 54
47 55
55 56
56 57
57 58
58 59
57 60
56 61
61 62
62 63
61 64
64 65
55 66
66 67
67 68
68 69
69 70
68 71
71 72
67 73
66 74
74 75
75 76
75 77
74 78
78 79
79 80
78 81
74 82
82 83
74 84
84 85
85 86
86 87
85 88
88 89
89 90
90 91
89 92
92 93
55 94
94 95
95 96
96 97
95 98
98 99
46 100
1 101
101 102
102 103
103 104
102 105
105 106
105 107
107 108
102 109
109 110
109 111
111 112
112 113
112 114
111 115
102 116
116 117
116 118
118 119
119 120
120 121
119 122
122 123
123 124
123 125
125 126
119 127
127 128
128 129
129 130
128 131
127 132
132 133
133 134
134 135
135 136
134 137
137 138
133 139
132 140
140 141
141 142
141 143
140 144
144 145
145 146
144 147
140 148
148 149
140 150
150 151
151 152
152 153
151 154
154 155
155 156
156 157
155 158
158 159
127 160
160 161
161 162
162 163
161 164
164 165
118 166
1 167
167 168
168 169
169 170
170 171
168 172
172 173
173 174
