1 2
2 3
3 4
4 5
1 6
6 7
7 8
8 9
1 10
10 11
11 12
12 13
11 14
14 15
14 16
16 17
11 18
18 19
19 20
20 21
18 22
22 23
23 24
24 25
25 26
26 27
27 28
28 29
29 30
28 31
31 32
32 33
27 34
34 35
25 36
23 37
37 38
37 39
39 40
40 41
40 42
42 43
43 44
42 45
45 46
37 47
47 48
48 49
49 50
48 51
51 52
11 53
53 54
54 55
55 56
53 57
57 58
58 59
59 60
58 61
61 62
53 63
63 64
64 65
65 66
64 67
67 68
68 69
68 70
70 71
64 72
72 73
73 74
74 75
75 76
74 77
73 78
78 79
79 80
78 81
81 82
72 83
83 84
84 85
85 86
86 87
85 88
88 89
84 90
83 91
91 92
92 93
92 94
91 95
95 96
96 97
95 98
91 99
99 100
91 101
101 102
102 103
103 104
102 105
105 106
106 107
107 108
106 109
109 110
72 111
111 112
112 113
113 114
112 115
115 116
1 117
117 118
118 119
119 120
118 121
121 122
121 123
123 124
118 125
125 126
126 127
127 128
125 129
129 130
130 131
131 132
132 133
133 134
134 135
135 136
136 137
135 138
138 139
139 140
134 141
141 142
132 143
130 144
144 145
144 146
146 147
147 148
147 149
149 150
150 151
149 152
152 153
144 154
154 155
155 156
156 157
155 158
158 159
118 160
160 161
161 162
162 163
160 164
164 165
165 166
166 167
165 168
168 169
169 170
169 171
171 172
165 173
173 174
174 175
175 176
176 177
175 178
174 179
179 180
180 181
179 182
182 183
173 184
184 185
185 186
186 187
187 188
186 189
189 190
185 191
184 192
192 193
193 194
193 195
192 196
196 197
197 198
196 199
192 200
200 201
192 202
202 203
203 204
204 205
203 206
206 207
207 208
208 209
207 210
210 211
173 212
212 213
213 214
214 215
213 216
216 217
1 218
218 219
219 220
220 221
219 222
222 223
222 224
224 225
219 226
226 227
227 228
228 229
226 230
230 231
231 232
232 233
231 234
234 235
226 236
236 237
237 238
237 239
219 240
240 241
241 242
242 243
240 244
244 245
245 246
246 247
245 248
248 249
249 250
249 251
251 252
245 253
253 254
254 255
255 256
254 257
253 258
258 259
259 260
260 261
261 262
260 263
263 264
259 265
258 266
266 267
267 268
267 269
266 270
270 271
271 272
270 273
266 274
274 275
266 276
276 277
277 278
278 279
277 280
280 281
281 282
282 283
281 284
284 285
253 286
286 287
287 288
288 289
287 290
290 291
1 292
292 293
293 294
294 295
293 296
296 297
296 298
298 299
293 300
300 301
301 302
302 303
300 304
304 305
305 306
305 307
293 308
308 309
309 310
310 311
308 312
312 313
313 314
314 315
313 316
316 317
317 318
317 319
319 320
313 321
321 322
322 323
323 324
322 325
321 326
326 327
327 328
328 329
329 330
328 331
331 332
327 333
326 334
334 335
335 336
335 337
334 338
338 339
339 340
338 341
334 342
342 343
334 344
344 345
345 346
346 347
345 348
348 349
349 350
350 351
349 352
352 353
321 354
354 355
355 356
356 357
355 358
358 359
1 360
360 361
361 362
362 363
363 364
361 365
365 366
366 367
361 368
368 369
369 370
361 371
371 372
372 373
