1 2
2 3
3 4
4 5
3 6
6 7
6 8
8 9
3 10
10 11
10 12
12 13
13 14
14 15
15 16
16 17
17 18
18 19
19 20
18 21
21 22
22 23
17 24
24 25
15 26
13 27
27 28
27 29
29 30
30 31
30 32
32 33
33 34
32 35
35 36
27 37
37 38
38 39
39 40
38 41
41 42
3 43
43 44
43 45
45 46
46 47
47 48
46 49
49 50
43 51
51 52
52 53
53 54
52 55
55 56
56 57
56 58
58 59
52 60
60 61
61 62
62 63
63 64
62 65
61 66
66 67
67 68
66 69
69 70
60 71
71 72
72 73
73 74
74 75
73 76
76 77
72 78
71 79
79 80
80 81
80 82
79 83
83 84
84 85
83 86
79 87
87 88
79 89
89 90
90 91
91 92
90 93
93 94
94 95
95 96
94 97
97 98
60 99
99 100
100 101
101 102
100 103
103 104
1 105
105 106
106 107
107 108
106 109
109 110
109 111
111 112
106 113
113 114
113 115
115 116
116 117
117 118
118 119
119 120
120 121
121 122
122 123
121 124
124 125
125 126
120 127
127 128
118 129
116 130
130 131
130 132
132 133
133 134
133 135
135 136
136 137
135 138
138 139
130 140
140 141
141 142
142 143
141 144
144 145
106 146
146 147
146 148
148 149
149 150
150 151
149 152
152 153
153 154
153 155
155 156
149 157
157 158
158 159
159 160
160 161
159 162
158 163
163 164
164 165
163 166
166 167
157 168
168 169
169 170
170 171
171 172
170 173
173 174
169 175
168 176
176 177
177 178
177 179
176 180
180 181
181 182
180 183
176 184
184 185
176 186
186 187
187 188
188 189
187 190
190 191
191 192
192 193
191 194
194 195
157 196
196 197
197 198
198 199
197 200
200 201
1 202
202 203
203 204
204 205
203 206
206 207
206 208
208 209
203 210
210 211
210 212
212 213
213 214
214 215
213 216
216 217
210 218
218 219
219 220
219 221
203 222
222 223
222 224
224 225
225 226
226 227
225 228
228 229
229 230
229 231
231 232
225 233
233 234
234 235
235 236
234 237
233 238
238 239
239 240
240 241
241 242
240 243
243 244
239 245
238 246
246 247
247 248
247 249
246 250
250 251
251 252
250 253
246 254
254 255
246 256
256 257
257 258
258 259
257 260
260 261
261 262
262 263
261 264
264 265
233 266
266 267
267 268
268 269
267 270
270 271
1 272
272 273
273 274
274 275
273 276
276 277
276 278
278 279
273 280
280 281
280 282
282 283
283 284
283 285
273 286
286 287
286 288
288 289
289 290
290 291
289 292
292 293
293 294
293 295
295 296
289 297
297 298
298 299
299 300
298 301
297 302
302 303
303 304
304 305
305 306
304 307
307 308
303 309
302 310
310 311
311 312
311 313
310 314
314 315
315 316
314 317
310 318
318 319
310 320
320 321
321 322
322 323
321 324
324 325
325 326
326 327
325 328
328 329
297 330
330 331
331 332
332 333
331 334
334 335
1 336
336 337
337 338
338 339
339 340
337 341
341 342
342 343
337 344
344 345
345 346
337 347
347 348
348 349
