1 2
2 3
3 4
4 5
3 6
6 7
6 8
8 9
3 10
10 11
10 12
12 13
13 14
13 15
15 16
16 17
17 18
18 19
19 20
20 21
21 22
20 23
23 24
24 25
19 26
26 27
17 28
15 29
29 30
29 31
31 32
32 33
32 34
34 35
35 36
34 37
37 38
29 39
39 40
40 41
41 42
40 43
43 44
12 45
12 46
46 47
47 48
48 49
47 50
50 51
12 52
3 53
53 54
53 55
55 56
56 57
56 58
58 59
59 60
58 61
61 62
55 63
55 64
64 65
65 66
66 67
65 68
68 69
69 70
69 71
71 72
65 73
73 74
74 75
75 76
76 77
75 78
74 79
79 80
80 81
79 82
82 83
73 84
84 85
85 86
86 87
87 88
86 89
89 90
85 91
84 92
92 93
93 94
93 95
92 96
96 97
97 98
96 99
92 100
100 101
92 102
102 103
103 104
104 105
103 106
106 107
107 108
108 109
107 110
110 111
73 112
112 113
113 114
114 115
113 116
116 117
55 118
1 119
119 120
120 121
121 122
120 123
123 124
123 125
125 126
120 127
127 128
127 129
129 130
130 131
130 132
132 133
133 134
134 135
135 136
136 137
137 138
138 139
137 140
140 141
141 142
136 143
143 144
134 145
132 146
146 147
146 148
148 149
149 150
149 151
151 152
152 153
151 154
154 155
146 156
156 157
157 158
158 159
157 160
160 161
129 162
129 163
163 164
164 165
165 166
164 167
167 168
129 169
120 170
170 171
170 172
172 173
173 174
173 175
175 176
176 177
175 178
178 179
179 180
179 181
181 182
175 183
183 184
184 185
185 186
186 187
185 188
184 189
189 190
190 191
189 192
192 193
183 194
194 195
195 196
196 197
197 198
196 199
199 200
195 201
194 202
202 203
203 204
203 205
202 206
206 207
207 208
206 209
202 210
210 211
202 212
212 213
213 214
214 215
213 216
216 217
217 218
218 219
217 220
220 221
183 222
222 223
223 224
224 225
223 226
226 227
172 228
172 229
229 230
230 231
231 232
230 233
233 234
172 235
1 236
236 237
237 238
238 239
237 240
240 241
240 242
242 243
237 244
244 245
244 246
246 247
247 248
247 249
249 250
250 251
249 252
252 253
246 254
246 255
255 256
256 257
256 258
246 259
237 260
260 261
260 262
262 263
263 264
263 265
265 266
266 267
265 268
268 269
269 270
269 271
271 272
265 273
273 274
274 275
275 276
274 277
273 278
278 279
279 280
280 281
281 282
280 283
283 284
279 285
278 286
286 287
287 288
287 289
286 290
290 291
291 292
290 293
286 294
294 295
286 296
296 297
297 298
298 299
297 300
300 301
301 302
302 303
301 304
304 305
273 306
306 307
307 308
308 309
307 310
310 311
262 312
262 313
313 314
314 315
315 316
314 317
317 318
262 319
1 320
320 321
321 322
322 323
321 324
324 325
324 326
326 327
321 328
328 329
328 330
330 331
331 332
331 333
333 334
333 335
330 336
330 337
337 338
338 339
339 340
338 341
341 342
330 343
321 344
344 345
344 346
346 347
347 348
347 349
349 350
350 351
349 352
352 353
353 354
353 355
355 356
349 357
357 358
358 359
359 360
358 361
357 362
362 363
363 364
364 365
365 366
364 367
367 368
363 369
362 370
370 371
371 372
371 373
370 374
374 375
375 376
374 377
370 378
378 379
370 380
380 381
381 382
382 383
381 384
384 385
385 386
386 387
385 388
388 389
357 390
390 391
391 392
392 393
391 394
394 395
346 396
346 397
397 398
398 399
399 400
398 401
401 402
346 403
1 404
404 405
405 406
406 407
407 408
405 409
409 410
410 411
405 412
412 413
413 414
405 415
415 416
416 417
