1 2
2 3
2 4
4 5
5 6
5 7
4 8
8 9
9 10
1 11
11 12
12 13
13 14
12 15
15 16
15 17
17 18
12 19
19 20
19 21
21 22
22 23
21 24
24 25
12 26
26 27
27 28
26 29
29 30
30 31
30 32
32 33
26 34
34 35
35 36
36 37
35 38
34 39
39 40
40 41
41 42
42 43
41 44
44 45
40 46
39 47
47 48
48 49
48 50
47 51
51 52
52 53
51 54
47 55
55 56
47 57
57 58
58 59
59 60
58 61
61 62
62 63
63 64
62 65
65 66
34 67
67 68
68 69
69 70
68 71
71 72
1 73
73 74
73 75
75 76
76 77
77 78
78 79
79 80
80 81
81 82
82 83
81 84
84 85
85 86
80 87
87 88
78 89
76 90
90 91
90 92
92 93
93 94
93 95
95 96
96 97
95 98
98 99
90 100
100 101
101 102
102 103
101 104
104 105
75 106
106 107
107 108
1 109
109 110
110 111
111 112
110 113
113 114
113 115
115 116
110 117
117 118
117 119
119 120
120 121
119 122
122 123
110 124
124 125
125 126
124 127
127 128
128 129
128 130
130 131
124 132
132 133
133 134
134 135
135 136
134 137
133 138
138 139
139 140
138 141
141 142
132 143
143 144
144 145
145 146
146 147
145 148
148 149
144 150
143 151
151 152
152 153
152 154
151 155
155 156
156 157
155 158
151 159
159 160
151 161
161 162
162 163
163 164
162 165
165 166
166 167
167 168
166 169
169 170
132 171
171 172
172 173
173 174
172 175
175 176
1 177
177 178
178 179
179 180
180 181
178 182
182 183
183 184
