1 2
2 3
3 4
4 5
4 6
3 7
7 8
3 9
9 10
9 11
11 12
3 13
13 14
14 15
14 16
13 17
17 18
18 19
17 20
13 21
21 22
13 23
23 24
24 25
25 26
26 27
27 28
28 29
29 30
30 31
29 32
32 33
33 34
28 35
35 36
26 37
24 38
38 39
38 40
40 41
41 42
41 43
43 44
44 45
43 46
46 47
38 48
48 49
49 50
50 51
49 52
52 53
3 54
54 55
55 56
55 57
54 58
58 59
59 60
58 61
54 62
62 63
54 64
64 65
65 66
66 67
65 68
68 69
69 70
69 71
71 72
65 73
73 74
74 75
75 76
76 77
75 78
74 79
79 80
80 81
79 82
82 83
73 84
84 85
85 86
86 87
87 88
86 89
89 90
85 91
84 92
92 93
93 94
93 95
92 96
96 97
97 98
96 99
92 100
100 101
92 102
102 103
103 104
104 105
103 106
106 107
107 108
108 109
107 110
110 111
73 112
112 113
113 114
114 115
113 116
116 117
1 118
118 119
119 120
120 121
120 122
119 123
123 124
119 125
125 126
125 127
127 128
119 129
129 130
130 131
130 132
129 133
133 134
134 135
133 136
129 137
137 138
129 139
139 140
140 141
140 142
119 143
143 144
144 145
144 146
143 147
147 148
148 149
147 150
143 151
151 152
143 153
153 154
154 155
155 156
154 157
157 158
158 159
158 160
160 161
154 162
162 163
163 164
164 165
163 166
162 167
167 168
168 169
169 170
170 171
169 172
172 173
168 174
167 175
175 176
176 177
176 178
175 179
179 180
180 181
179 182
175 183
183 184
175 185
185 186
186 187
187 188
186 189
189 190
190 191
191 192
190 193
193 194
162 195
195 196
196 197
197 198
196 199
199 200
1 201
201 202
202 203
203 204
204 205
202 206
206 207
207 208
