1 2
2 3
3 4
4 5
3 6
6 7
7 8
8 9
3 10
10 11
11 12
12 13
3 14
14 15
14 16
16 17
3 18
18 19
19 20
20 21
21 22
22 23
23 24
18 25
25 26
25 27
18 28
28 29
29 30
30 31
28 32
32 33
3 34
34 35
35 36
36 37
37 38
38 39
39 40
34 41
41 42
42 43
41 44
44 45
45 46
45 47
47 48
41 49
49 50
50 51
51 52
50 53
49 54
54 55
55 56
56 57
57 58
56 59
59 60
55 61
54 62
62 63
63 64
63 65
62 66
66 67
67 68
66 69
62 70
70 71
62 72
72 73
73 74
74 75
73 76
76 77
77 78
78 79
77 80
80 81
49 82
82 83
83 84
84 85
83 86
86 87
1 88
88 89
89 90
90 91
89 92
92 93
93 94
94 95
89 96
96 97
97 98
98 99
89 100
100 101
100 102
102 103
89 104
104 105
105 106
106 107
107 108
108 109
109 110
104 111
111 112
112 113
113 114
114 115
115 116
116 117
117 118
116 119
119 120
120 121
115 122
122 123
113 124
111 125
125 126
125 127
127 128
128 129
128 130
130 131
131 132
130 133
133 134
125 135
135 136
136 137
137 138
136 139
139 140
104 141
141 142
142 143
143 144
141 145
145 146
89 147
147 148
148 149
149 150
150 151
151 152
152 153
147 154
154 155
155 156
154 157
157 158
158 159
158 160
160 161
154 162
162 163
163 164
164 165
165 166
164 167
163 168
168 169
169 170
168 171
171 172
162 173
173 174
174 175
175 176
176 177
175 178
178 179
174 180
173 181
181 182
182 183
182 184
181 185
185 186
186 187
185 188
181 189
189 190
181 191
191 192
192 193
193 194
192 195
195 196
196 197
197 198
196 199
199 200
162 201
201 202
202 203
203 204
202 205
205 206
1 207
207 208
208 209
209 210
210 211
208 212
212 213
213 214
