1 2
2 3
1 4
4 5
1 6
6 7
1 8
8 9
8 10
10 11
11 12
12 13
11 14
14 15
15 16
16 17
15 18
18 19
11 20
20 21
21 22
22 23
21 24
24 25
25 26
25 27
27 28
21 29
29 30
30 31
31 32
32 33
31 34
30 35
35 36
36 37
35 38
38 39
29 40
40 41
41 42
42 43
43 44
42 45
45 46
41 47
40 48
48 49
49 50
49 51
48 52
52 53
53 54
52 55
48 56
56 57
48 58
58 59
59 60
60 61
59 62
62 63
63 64
64 65
63 66
66 67
29 68
68 69
69 70
70 71
69 72
72 73
1 74
74 75
75 76
76 77
75 78
78 79
78 80
80 81
75 82
82 83
83 84
84 85
85 86
86 87
87 88
88 89
87 90
90 91
91 92
86 93
93 94
84 95
82 96
96 97
96 98
98 99
99 100
99 101
101 102
102 103
101 104
104 105
96 106
106 107
107 108
108 109
107 110
110 111
75 112
112 113
112 114
75 115
115 116
116 117
115 118
118 119
1 120
120 121
120 122
122 123
123 124
124 125
123 126
126 127
127 128
128 129
127 130
130 131
131 132
131 133
133 134
127 135
135 136
136 137
137 138
138 139
137 140
136 141
141 142
142 143
141 144
144 145
135 146
146 147
147 148
148 149
149 150
148 151
151 152
147 153
146 154
154 155
155 156
155 157
154 158
158 159
159 160
158 161
154 162
162 163
154 164
164 165
165 166
166 167
165 168
168 169
169 170
170 171
169 172
172 173
135 174
174 175
175 176
176 177
175 178
178 179
1 180
180 181
181 182
182 183
181 184
184 185
184 186
186 187
181 188
188 189
189 190
190 191
191 192
192 193
193 194
194 195
193 196
196 197
197 198
192 199
199 200
190 201
188 202
202 203
202 204
204 205
205 206
205 207
207 208
208 209
207 210
210 211
202 212
212 213
213 214
214 215
213 216
216 217
181 218
218 219
218 220
181 221
221 222
222 223
221 224
224 225
1 226
226 227
226 228
228 229
229 230
230 231
229 232
232 233
233 234
234 235
233 236
236 237
237 238
237 239
239 240
233 241
241 242
242 243
243 244
242 245
241 246
246 247
247 248
248 249
249 250
248 251
251 252
247 253
246 254
254 255
255 256
255 257
254 258
258 259
259 260
258 261
254 262
262 263
254 264
264 265
265 266
266 267
265 268
268 269
269 270
270 271
269 272
272 273
241 274
274 275
275 276
276 277
275 278
278 279
1 280
280 281
281 282
282 283
281 284
284 285
284 286
286 287
281 288
288 289
288 290
281 291
291 292
291 293
281 294
294 295
295 296
294 297
297 298
1 299
299 300
300 301
301 302
302 303
300 304
304 305
305 306
300 307
307 308
308 309
