1 2
2 3
3 4
4 5
3 6
6 7
6 8
8 9
3 10
10 11
3 12
12 13
13 14
14 15
15 16
16 17
17 18
18 19
19 20
18 21
21 22
22 23
17 24
24 25
15 26
13 27
27 28
27 29
29 30
30 31
30 32
32 33
33 34
32 35
35 36
27 37
37 38
38 39
39 40
38 41
41 42
3 43
43 44
3 45
45 46
46 47
47 48
46 49
49 50
50 51
50 52
52 53
46 54
54 55
55 56
56 57
57 58
56 59
55 60
60 61
61 62
60 63
63 64
54 65
65 66
66 67
67 68
68 69
67 70
70 71
66 72
65 73
73 74
74 75
74 76
73 77
77 78
78 79
77 80
73 81
81 82
73 83
83 84
84 85
85 86
84 87
87 88
88 89
89 90
88 91
91 92
54 93
93 94
94 95
95 96
94 97
97 98
1 99
99 100
100 101
101 102
100 103
103 104
103 105
105 106
100 107
107 108
100 109
109 110
110 111
110 112
100 113
113 114
100 115
115 116
116 117
117 118
116 119
119 120
120 121
120 122
122 123
116 124
124 125
125 126
126 127
125 128
124 129
129 130
130 131
131 132
132 133
131 134
134 135
130 136
129 137
137 138
138 139
138 140
137 141
141 142
142 143
141 144
137 145
145 146
137 147
147 148
148 149
149 150
148 151
151 152
152 153
153 154
152 155
155 156
124 157
157 158
158 159
159 160
158 161
161 162
1 163
163 164
164 165
165 166
166 167
164 168
168 169
169 170
