1 2
2 3
2 4
1 5
5 6
6 7
6 8
1 9
9 10
10 11
11 12
10 13
13 14
14 15
10 16
16 17
16 18
18 19
10 20
20 21
20 22
10 23
23 24
24 25
23 26
26 27
10 28
28 29
29 30
30 31
31 32
32 33
28 34
34 35
35 36
34 37
37 38
38 39
38 40
40 41
34 42
42 43
43 44
44 45
43 46
42 47
47 48
48 49
49 50
50 51
49 52
52 53
48 54
47 55
55 56
56 57
56 58
55 59
59 60
60 61
59 62
55 63
63 64
55 65
65 66
66 67
67 68
66 69
69 70
70 71
71 72
70 73
73 74
42 75
75 76
76 77
77 78
76 79
79 80
1 81
81 82
82 83
83 84
82 85
85 86
86 87
82 88
88 89
88 90
90 91
82 92
92 93
93 94
94 95
95 96
96 97
97 98
98 99
97 100
100 101
101 102
96 103
103 104
94 105
92 106
106 107
106 108
108 109
109 110
109 111
111 112
112 113
111 114
114 115
106 116
116 117
117 118
118 119
117 120
120 121
82 122
122 123
123 124
122 125
125 126
82 127
127 128
128 129
129 130
130 131
131 132
127 133
133 134
134 135
133 136
136 137
137 138
137 139
139 140
133 141
141 142
142 143
143 144
144 145
143 146
142 147
147 148
148 149
147 150
150 151
141 152
152 153
153 154
154 155
155 156
154 157
157 158
153 159
152 160
160 161
161 162
161 163
160 164
164 165
165 166
164 167
160 168
168 169
160 170
170 171
171 172
172 173
171 174
174 175
175 176
176 177
175 178
178 179
141 180
180 181
181 182
182 183
181 184
184 185
1 186
186 187
187 188
188 189
189 190
187 191
191 192
192 193
