1 2
2 3
3 4
4 5
5 6
4 7
7 8
8 9
4 10
10 11
10 12
12 13
4 14
14 15
14 16
4 17
17 18
18 19
19 20
20 21
17 22
22 23
23 24
22 25
25 26
26 27
26 28
28 29
22 30
30 31
31 32
32 33
31 34
30 35
35 36
36 37
37 38
38 39
37 40
40 41
36 42
35 43
43 44
44 45
44 46
43 47
47 48
48 49
47 50
43 51
51 52
43 53
30 54
2 55
55 56
56 57
57 58
56 59
59 60
60 61
56 62
62 63
62 64
64 65
56 66
66 67
67 68
68 69
69 70
70 71
71 72
72 73
71 74
74 75
75 76
70 77
77 78
68 79
66 80
80 81
80 82
80 83
56 84
84 85
85 86
86 87
87 88
84 89
89 90
90 91
89 92
92 93
93 94
93 95
95 96
89 97
97 98
98 99
99 100
100 101
99 102
98 103
103 104
104 105
103 106
106 107
97 108
108 109
109 110
110 111
111 112
110 113
113 114
109 115
108 116
116 117
117 118
117 119
116 120
120 121
121 122
120 123
116 124
124 125
116 126
97 127
2 128
128 129
129 130
130 131
131 132
129 133
133 134
134 135
