1 2
2 3
3 4
4 5
3 6
6 7
6 8
8 9
3 10
10 11
10 12
3 13
13 14
14 15
15 16
16 17
13 18
18 19
19 20
20 21
13 22
22 23
23 24
22 25
25 26
26 27
26 28
28 29
22 30
30 31
31 32
32 33
31 34
30 35
35 36
36 37
37 38
38 39
37 40
40 41
36 42
35 43
43 44
44 45
44 46
43 47
47 48
48 49
47 50
43 51
51 52
43 53
53 54
54 55
55 56
54 57
57 58
58 59
59 60
58 61
61 62
30 63
63 64
64 65
65 66
64 67
67 68
1 69
69 70
70 71
71 72
70 73
73 74
73 75
75 76
70 77
77 78
78 79
79 80
80 81
81 82
82 83
83 84
82 85
85 86
86 87
81 88
88 89
79 90
77 91
91 92
91 93
93 94
94 95
94 96
96 97
97 98
96 99
99 100
91 101
101 102
102 103
103 104
102 105
105 106
70 107
107 108
108 109
109 110
110 111
107 112
112 113
113 114
114 115
107 116
116 117
117 118
116 119
119 120
120 121
120 122
122 123
116 124
124 125
125 126
126 127
127 128
126 129
125 130
130 131
131 132
130 133
133 134
124 135
135 136
136 137
137 138
138 139
137 140
140 141
136 142
135 143
143 144
144 145
144 146
143 147
147 148
148 149
147 150
143 151
151 152
143 153
153 154
154 155
155 156
154 157
157 158
158 159
159 160
158 161
161 162
124 163
163 164
164 165
165 166
164 167
167 168
1 169
169 170
170 171
171 172
172 173
170 174
174 175
175 176
