1 2
2 3
2 4
4 5
5 6
6 7
5 8
8 9
9 10
9 11
11 12
5 13
13 14
14 15
15 16
14 17
13 18
18 19
19 20
20 21
21 22
20 23
23 24
19 25
18 26
26 27
27 28
27 29
26 30
30 31
31 32
30 33
26 34
34 35
26 36
36 37
37 38
38 39
37 40
40 41
41 42
42 43
41 44
44 45
13 46
46 47
47 48
48 49
47 50
50 51
1 52
52 53
53 54
54 55
53 56
56 57
57 58
57 59
59 60
53 61
61 62
61 63
63 64
53 65
65 66
65 67
53 68
68 69
69 70
68 71
71 72
1 73
73 74
73 75
75 76
76 77
77 78
76 79
79 80
80 81
80 82
82 83
76 84
84 85
85 86
86 87
87 88
86 89
85 90
90 91
91 92
90 93
93 94
84 95
95 96
96 97
97 98
98 99
97 100
100 101
96 102
95 103
103 104
104 105
104 106
103 107
107 108
108 109
107 110
103 111
111 112
103 113
113 114
114 115
115 116
114 117
117 118
118 119
119 120
118 121
121 122
84 123
123 124
124 125
125 126
124 127
127 128
1 129
129 130
130 131
131 132
130 133
133 134
134 135
134 136
136 137
130 138
138 139
138 140
140 141
130 142
142 143
143 144
144 145
145 146
146 147
147 148
148 149
147 150
150 151
151 152
146 153
153 154
144 155
142 156
156 157
156 158
158 159
159 160
159 161
161 162
162 163
161 164
164 165
156 166
166 167
167 168
168 169
167 170
170 171
130 172
172 173
173 174
172 175
175 176
1 177
177 178
178 179
179 180
180 181
178 182
182 183
183 184
