1 2
2 3
3 4
3 5
5 6
6 7
6 8
2 9
9 10
10 11
11 12
10 13
13 14
13 15
15 16
10 17
17 18
18 19
17 20
10 21
21 22
22 23
21 24
24 25
25 26
25 27
27 28
21 29
29 30
30 31
31 32
30 33
29 34
34 35
35 36
36 37
37 38
36 39
39 40
35 41
34 42
42 43
43 44
43 45
42 46
46 47
47 48
46 49
42 50
50 51
42 52
29 53
2 54
54 55
54 56
56 57
57 58
58 59
59 60
60 61
61 62
62 63
63 64
62 65
65 66
66 67
61 68
68 69
59 70
57 71
71 72
71 73
71 74
2 75
75 76
76 77
77 78
76 79
79 80
79 81
81 82
76 83
83 84
84 85
83 86
76 87
87 88
88 89
87 90
90 91
91 92
91 93
93 94
87 95
95 96
96 97
97 98
98 99
97 100
96 101
101 102
102 103
101 104
104 105
95 106
106 107
107 108
108 109
109 110
108 111
111 112
107 113
106 114
114 115
115 116
115 117
114 118
118 119
119 120
118 121
114 122
122 123
114 124
95 125
2 126
126 127
127 128
128 129
129 130
127 131
131 132
132 133
