1 2
2 3
3 4
3 5
5 6
2 7
7 8
8 9
7 10
7 11
11 12
2 13
13 14
14 15
13 16
13 17
17 18
1 19
19 20
20 21
21 22
22 23
21 24
24 25
24 26
26 27
21 28
28 29
28 30
21 31
31 32
32 33
32 34
34 35
35 36
36 37
37 38
38 39
21 40
40 41
41 42
40 43
43 44
19 45
45 46
46 47
47 48
46 49
49 50
49 51
51 52
46 53
53 54
54 55
55 56
56 57
57 58
58 59
59 60
58 61
61 62
62 63
57 64
64 65
55 66
53 67
67 68
67 69
67 70
46 71
71 72
72 73
72 74
74 75
75 76
76 77
77 78
78 79
46 80
80 81
81 82
80 83
83 84
19 85
85 86
86 87
87 88
88 89
86 90
90 91
91 92
