1 2
2 3
1 4
4 5
5 6
1 7
7 8
8 9
1 10
10 11
11 12
12 13
11 14
14 15
15 16
11 17
17 18
17 19
19 20
11 21
21 22
21 23
11 24
24 25
25 26
24 27
27 28
11 29
29 30
30 31
29 32
32 33
1 34
34 35
35 36
1 37
37 38
38 39
39 40
38 41
41 42
42 43
38 44
44 45
44 46
46 47
38 48
48 49
49 50
50 51
51 52
52 53
53 54
54 55
53 56
56 57
57 58
52 59
59 60
50 61
48 62
62 63
62 64
64 65
65 66
65 67
67 68
68 69
67 70
70 71
62 72
72 73
73 74
74 75
73 76
76 77
38 78
78 79
79 80
78 81
81 82
38 83
83 84
84 85
83 86
86 87
1 88
88 89
89 90
90 91
91 92
89 93
93 94
94 95
