1 2
2 3
1 4
4 5
5 6
6 7
5 8
8 9
9 10
5 11
11 12
11 13
13 14
5 15
15 16
15 17
5 18
18 19
19 20
20 21
19 22
18 23
23 24
5 25
25 26
26 27
25 28
28 29
1 30
30 31
1 32
32 33
33 34
34 35
33 36
36 37
37 38
33 39
39 40
39 41
41 42
33 43
43 44
44 45
45 46
46 47
47 48
48 49
49 50
48 51
51 52
52 53
47 54
54 55
45 56
43 57
57 58
57 59
59 60
60 61
60 62
62 63
63 64
62 65
65 66
57 67
67 68
68 69
69 70
68 71
71 72
33 73
73 74
74 75
75 76
74 77
73 78
78 79
33 80
80 81
81 82
80 83
83 84
1 85
85 86
86 87
87 88
88 89
86 90
90 91
91 92
