1 2
2 3
3 4
4 5
1 6
6 7
7 8
8 9
1 10
10 11
11 12
12 13
11 14
14 15
14 16
16 17
11 18
18 19
19 20
20 21
18 22
11 23
23 24
24 25
25 26
23 27
27 28
28 29
29 30
28 31
31 32
23 33
33 34
34 35
35 36
34 37
37 38
38 39
38 40
40 41
34 42
42 43
43 44
44 45
45 46
44 47
43 48
48 49
49 50
48 51
51 52
42 53
53 54
54 55
55 56
56 57
55 58
58 59
54 60
53 61
61 62
62 63
62 64
61 65
65 66
66 67
65 68
61 69
69 70
61 71
71 72
72 73
73 74
72 75
75 76
76 77
77 78
76 79
79 80
42 81
81 82
82 83
83 84
82 85
85 86
1 87
87 88
88 89
89 90
88 91
91 92
91 93
93 94
88 95
95 96
96 97
97 98
95 99
88 100
100 101
101 102
102 103
100 104
104 105
105 106
106 107
105 108
108 109
109 110
109 111
111 112
105 113
113 114
114 115
115 116
116 117
115 118
114 119
119 120
120 121
119 122
122 123
113 124
124 125
125 126
126 127
127 128
126 129
129 130
125 131
124 132
132 133
133 134
133 135
132 136
136 137
137 138
136 139
132 140
140 141
132 142
142 143
143 144
144 145
143 146
146 147
147 148
148 149
147 150
150 151
113 152
152 153
153 154
154 155
153 156
156 157
1 158
158 159
159 160
160 161
159 162
162 163
162 164
164 165
159 166
166 167
167 168
168 169
166 170
170 171
171 172
172 173
171 174
174 175
166 176
176 177
177 178
177 179
159 180
180 181
181 182
182 183
180 184
184 185
185 186
186 187
185 188
188 189
189 190
189 191
191 192
185 193
193 194
194 195
195 196
194 197
193 198
198 199
199 200
200 201
201 202
200 203
203 204
199 205
198 206
206 207
207 208
207 209
206 210
210 211
211 212
210 213
206 214
214 215
206 216
216 217
217 218
218 219
217 220
220 221
221 222
222 223
221 224
224 225
193 226
226 227
227 228
228 229
227 230
230 231
1 232
232 233
233 234
234 235
233 236
236 237
236 238
238 239
233 240
240 241
241 242
242 243
240 244
244 245
245 246
245 247
233 248
248 249
249 250
250 251
248 252
252 253
253 254
254 255
253 256
256 257
257 258
257 259
259 260
253 261
261 262
262 263
263 264
262 265
261 266
266 267
267 268
268 269
269 270
268 271
271 272
267 273
266 274
274 275
275 276
275 277
274 278
278 279
279 280
278 281
274 282
282 283
274 284
284 285
285 286
286 287
285 288
288 289
289 290
290 291
289 292
292 293
261 294
294 295
295 296
296 297
295 298
298 299
1 300
300 301
301 302
302 303
303 304
301 305
305 306
306 307
301 308
308 309
309 310
301 311
311 312
312 313
