1 2
2 3
3 4
4 5
3 6
6 7
6 8
8 9
3 10
10 11
10 12
3 13
13 14
13 15
15 16
16 17
17 18
16 19
19 20
13 21
21 22
22 23
23 24
22 25
25 26
26 27
26 28
28 29
22 30
30 31
31 32
32 33
33 34
32 35
31 36
36 37
37 38
36 39
39 40
30 41
41 42
42 43
43 44
44 45
43 46
46 47
42 48
41 49
49 50
50 51
50 52
49 53
53 54
54 55
53 56
49 57
57 58
49 59
59 60
60 61
61 62
60 63
63 64
64 65
65 66
64 67
67 68
30 69
69 70
70 71
71 72
70 73
73 74
1 75
75 76
76 77
77 78
76 79
79 80
79 81
81 82
76 83
83 84
83 85
76 86
86 87
86 88
88 89
89 90
90 91
89 92
92 93
93 94
93 95
95 96
89 97
97 98
98 99
99 100
100 101
99 102
98 103
103 104
104 105
103 106
106 107
97 108
108 109
109 110
110 111
111 112
110 113
113 114
109 115
108 116
116 117
117 118
117 119
116 120
120 121
121 122
120 123
116 124
124 125
116 126
126 127
127 128
128 129
127 130
130 131
131 132
132 133
131 134
134 135
97 136
136 137
137 138
138 139
137 140
140 141
1 142
142 143
143 144
144 145
143 146
146 147
146 148
148 149
143 150
150 151
150 152
152 153
153 154
154 155
153 156
156 157
150 158
158 159
159 160
159 161
143 162
162 163
162 164
164 165
165 166
166 167
165 168
168 169
169 170
169 171
171 172
165 173
173 174
174 175
175 176
174 177
173 178
178 179
179 180
180 181
181 182
180 183
183 184
179 185
178 186
186 187
187 188
187 189
186 190
190 191
191 192
190 193
186 194
194 195
186 196
196 197
197 198
198 199
197 200
200 201
201 202
202 203
201 204
204 205
173 206
206 207
207 208
208 209
207 210
210 211
1 212
212 213
213 214
214 215
213 216
216 217
216 218
218 219
213 220
220 221
220 222
222 223
223 224
223 225
213 226
226 227
226 228
228 229
229 230
230 231
229 232
232 233
233 234
233 235
235 236
229 237
237 238
238 239
239 240
238 241
237 242
242 243
243 244
244 245
245 246
244 247
247 248
243 249
242 250
250 251
251 252
251 253
250 254
254 255
255 256
254 257
250 258
258 259
250 260
260 261
261 262
262 263
261 264
264 265
265 266
266 267
265 268
268 269
237 270
270 271
271 272
272 273
271 274
274 275
1 276
276 277
277 278
278 279
279 280
277 281
281 282
282 283
277 284
284 285
285 286
277 287
287 288
288 289
