1 2
2 3
1 4
4 5
1 6
6 7
7 8
8 9
7 10
10 11
10 12
12 13
7 14
14 15
15 16
14 17
7 18
18 19
19 20
18 21
21 22
22 23
23 24
22 25
25 26
18 27
27 28
28 29
29 30
28 31
31 32
32 33
32 34
34 35
28 36
36 37
37 38
38 39
39 40
38 41
37 42
42 43
43 44
42 45
45 46
36 47
47 48
48 49
49 50
50 51
49 52
52 53
48 54
47 55
55 56
56 57
56 58
55 59
59 60
60 61
59 62
55 63
63 64
55 65
65 66
66 67
67 68
66 69
69 70
70 71
71 72
70 73
73 74
36 75
75 76
76 77
77 78
76 79
79 80
1 81
81 82
82 83
83 84
82 85
85 86
85 87
87 88
82 89
89 90
90 91
89 92
82 93
93 94
94 95
93 96
96 97
97 98
98 99
97 100
100 101
101 102
101 103
103 104
97 105
105 106
106 107
107 108
108 109
107 110
106 111
111 112
112 113
111 114
114 115
105 116
116 117
117 118
118 119
119 120
118 121
121 122
117 123
116 124
124 125
125 126
125 127
124 128
128 129
129 130
128 131
124 132
132 133
124 134
134 135
135 136
136 137
135 138
138 139
139 140
140 141
139 142
142 143
105 144
144 145
145 146
146 147
145 148
148 149
1 150
150 151
151 152
152 153
151 154
154 155
154 156
156 157
151 158
158 159
159 160
158 161
161 162
162 163
163 164
162 165
165 166
158 167
167 168
168 169
168 170
151 171
171 172
172 173
171 174
174 175
175 176
176 177
175 178
178 179
179 180
179 181
181 182
175 183
183 184
184 185
185 186
184 187
183 188
188 189
189 190
190 191
191 192
190 193
193 194
189 195
188 196
196 197
197 198
197 199
196 200
200 201
201 202
200 203
196 204
204 205
196 206
206 207
207 208
208 209
207 210
210 211
211 212
212 213
211 214
214 215
183 216
216 217
217 218
218 219
217 220
220 221
1 222
222 223
223 224
224 225
223 226
226 227
226 228
228 229
223 230
230 231
231 232
230 233
233 234
234 235
234 236
223 237
237 238
238 239
237 240
240 241
241 242
242 243
241 244
244 245
245 246
245 247
247 248
241 249
249 250
250 251
251 252
250 253
249 254
254 255
255 256
256 257
257 258
256 259
259 260
255 261
254 262
262 263
263 264
263 265
262 266
266 267
267 268
266 269
262 270
270 271
262 272
272 273
273 274
274 275
273 276
276 277
277 278
278 279
277 280
280 281
249 282
282 283
283 284
284 285
283 286
286 287
1 288
288 289
289 290
290 291
291 292
289 293
293 294
294 295
289 296
296 297
297 298
289 299
299 300
300 301
