1 2
2 3
3 4
4 5
3 6
6 7
6 8
8 9
3 10
10 11
10 12
3 13
13 14
14 15
13 16
16 17
17 18
17 19
19 20
13 21
21 22
22 23
23 24
22 25
21 26
26 27
27 28
28 29
29 30
28 31
31 32
27 33
26 34
34 35
35 36
35 37
34 38
38 39
39 40
38 41
34 42
42 43
34 44
44 45
45 46
46 47
45 48
48 49
49 50
50 51
49 52
52 53
21 54
54 55
55 56
56 57
55 58
58 59
1 60
60 61
61 62
62 63
61 64
64 65
64 66
66 67
61 68
68 69
69 70
68 71
71 72
72 73
72 74
74 75
68 76
76 77
77 78
78 79
79 80
78 81
77 82
82 83
83 84
82 85
85 86
76 87
87 88
88 89
89 90
90 91
89 92
92 93
88 94
87 95
95 96
96 97
96 98
95 99
99 100
100 101
99 102
95 103
103 104
95 105
105 106
106 107
107 108
106 109
109 110
110 111
111 112
110 113
113 114
76 115
115 116
116 117
117 118
116 119
119 120
1 121
121 122
122 123
123 124
124 125
122 126
126 127
127 128
