1 2
2 3
1 4
4 5
5 6
6 7
5 8
8 9
8 10
10 11
5 12
12 13
13 14
14 15
13 16
12 17
5 18
18 19
19 20
20 21
19 22
18 23
23 24
24 25
25 26
24 27
27 28
18 29
29 30
30 31
31 32
30 33
33 34
34 35
34 36
36 37
30 38
38 39
39 40
40 41
41 42
40 43
39 44
44 45
45 46
44 47
47 48
38 49
49 50
50 51
51 52
52 53
51 54
54 55
50 56
49 57
57 58
58 59
58 60
57 61
61 62
62 63
61 64
57 65
65 66
57 67
67 68
68 69
69 70
68 71
71 72
72 73
73 74
72 75
75 76
38 77
77 78
78 79
79 80
78 81
81 82
1 83
83 84
84 85
85 86
84 87
87 88
87 89
89 90
84 91
91 92
92 93
93 94
92 95
91 96
84 97
97 98
98 99
99 100
98 101
97 102
102 103
103 104
104 105
103 106
106 107
107 108
107 109
109 110
103 111
111 112
112 113
113 114
114 115
113 116
112 117
117 118
118 119
117 120
120 121
111 122
122 123
123 124
124 125
125 126
124 127
127 128
123 129
122 130
130 131
131 132
131 133
130 134
134 135
135 136
134 137
130 138
138 139
130 140
140 141
141 142
142 143
141 144
144 145
145 146
146 147
145 148
148 149
111 150
150 151
151 152
152 153
151 154
154 155
1 156
156 157
157 158
158 159
157 160
160 161
160 162
162 163
157 164
164 165
165 166
166 167
165 168
164 169
169 170
170 171
171 172
170 173
173 174
164 175
175 176
176 177
176 178
157 179
179 180
180 181
181 182
180 183
179 184
184 185
185 186
186 187
185 188
188 189
189 190
189 191
191 192
185 193
193 194
194 195
195 196
194 197
193 198
198 199
199 200
200 201
201 202
200 203
203 204
199 205
198 206
206 207
207 208
207 209
206 210
210 211
211 212
210 213
206 214
214 215
206 216
216 217
217 218
218 219
217 220
220 221
221 222
222 223
221 224
224 225
193 226
226 227
227 228
228 229
227 230
230 231
1 232
232 233
233 234
234 235
233 236
236 237
236 238
238 239
233 240
240 241
241 242
242 243
241 244
240 245
245 246
246 247
246 248
233 249
249 250
250 251
251 252
250 253
249 254
254 255
255 256
256 257
255 258
258 259
259 260
259 261
261 262
255 263
263 264
264 265
265 266
264 267
263 268
268 269
269 270
270 271
271 272
270 273
273 274
269 275
268 276
276 277
277 278
277 279
276 280
280 281
281 282
280 283
276 284
284 285
276 286
286 287
287 288
288 289
287 290
290 291
291 292
292 293
291 294
294 295
263 296
296 297
297 298
298 299
297 300
300 301
1 302
302 303
303 304
304 305
305 306
303 307
307 308
308 309
303 310
310 311
311 312
303 313
313 314
314 315
