1 2
2 3
3 4
4 5
3 6
6 7
6 8
8 9
3 10
10 11
11 12
12 13
10 14
3 15
15 16
16 17
17 18
15 19
19 20
20 21
21 22
20 23
23 24
15 25
25 26
26 27
27 28
26 29
29 30
30 31
30 32
32 33
26 34
34 35
35 36
36 37
37 38
36 39
35 40
40 41
41 42
40 43
43 44
34 45
45 46
46 47
47 48
48 49
47 50
50 51
46 52
45 53
53 54
54 55
54 56
53 57
57 58
58 59
57 60
53 61
61 62
53 63
63 64
64 65
65 66
64 67
67 68
68 69
69 70
68 71
71 72
34 73
73 74
74 75
75 76
74 77
77 78
1 79
79 80
80 81
81 82
80 83
83 84
83 85
85 86
80 87
87 88
88 89
89 90
87 91
80 92
92 93
93 94
94 95
92 96
96 97
97 98
98 99
97 100
100 101
101 102
101 103
103 104
97 105
105 106
106 107
107 108
108 109
107 110
106 111
111 112
112 113
111 114
114 115
105 116
116 117
117 118
118 119
119 120
118 121
121 122
117 123
116 124
124 125
125 126
125 127
124 128
128 129
129 130
128 131
124 132
132 133
124 134
134 135
135 136
136 137
135 138
138 139
139 140
140 141
139 142
142 143
105 144
144 145
145 146
146 147
145 148
148 149
1 150
150 151
151 152
152 153
151 154
154 155
154 156
156 157
151 158
158 159
159 160
160 161
158 162
162 163
163 164
164 165
163 166
166 167
158 168
168 169
169 170
169 171
151 172
172 173
173 174
174 175
172 176
176 177
177 178
178 179
177 180
180 181
181 182
181 183
183 184
177 185
185 186
186 187
187 188
186 189
185 190
190 191
191 192
192 193
193 194
192 195
195 196
191 197
190 198
198 199
199 200
199 201
198 202
202 203
203 204
202 205
198 206
206 207
198 208
208 209
209 210
210 211
209 212
212 213
213 214
214 215
213 216
216 217
185 218
218 219
219 220
220 221
219 222
222 223
1 224
224 225
225 226
226 227
225 228
228 229
228 230
230 231
225 232
232 233
233 234
234 235
232 236
236 237
237 238
237 239
225 240
240 241
241 242
242 243
240 244
244 245
245 246
246 247
245 248
248 249
249 250
249 251
251 252
245 253
253 254
254 255
255 256
254 257
253 258
258 259
259 260
260 261
261 262
260 263
263 264
259 265
258 266
266 267
267 268
267 269
266 270
270 271
271 272
270 273
266 274
274 275
266 276
276 277
277 278
278 279
277 280
280 281
281 282
282 283
281 284
284 285
253 286
286 287
287 288
288 289
287 290
290 291
1 292
292 293
293 294
294 295
295 296
293 297
297 298
298 299
293 300
300 301
301 302
293 303
303 304
304 305
