1 2
2 3
3 4
4 5
3 6
6 7
6 8
8 9
3 10
10 11
11 12
12 13
10 14
10 15
3 16
16 17
17 18
18 19
16 20
20 21
21 22
22 23
21 24
24 25
25 26
25 27
27 28
21 29
29 30
30 31
31 32
32 33
31 34
30 35
35 36
36 37
35 38
38 39
29 40
40 41
41 42
42 43
43 44
42 45
45 46
41 47
40 48
48 49
49 50
49 51
48 52
52 53
53 54
52 55
48 56
56 57
48 58
58 59
59 60
60 61
59 62
62 63
63 64
64 65
63 66
66 67
29 68
68 69
69 70
70 71
69 72
72 73
16 74
74 75
75 76
76 77
75 78
78 79
79 80
79 81
81 82
75 83
83 84
84 85
85 86
86 87
85 88
84 89
89 90
90 91
89 92
92 93
83 94
94 95
95 96
96 97
97 98
96 99
99 100
95 101
94 102
102 103
103 104
103 105
102 106
106 107
107 108
106 109
102 110
110 111
102 112
112 113
113 114
114 115
113 116
116 117
117 118
118 119
117 120
120 121
83 122
122 123
123 124
124 125
123 126
126 127
1 128
128 129
129 130
130 131
129 132
132 133
132 134
134 135
129 136
136 137
137 138
138 139
136 140
140 141
141 142
141 143
136 144
144 145
145 146
145 147
129 148
148 149
149 150
150 151
148 152
152 153
153 154
154 155
153 156
156 157
157 158
157 159
159 160
153 161
161 162
162 163
163 164
162 165
161 166
166 167
167 168
168 169
169 170
168 171
171 172
167 173
166 174
174 175
175 176
175 177
174 178
178 179
179 180
178 181
174 182
182 183
174 184
184 185
185 186
186 187
185 188
188 189
189 190
190 191
189 192
192 193
161 194
194 195
195 196
196 197
195 198
198 199
148 200
200 201
201 202
202 203
201 204
204 205
205 206
205 207
207 208
201 209
209 210
210 211
211 212
210 213
209 214
214 215
215 216
216 217
217 218
216 219
219 220
215 221
214 222
222 223
223 224
223 225
222 226
226 227
227 228
226 229
222 230
230 231
222 232
232 233
233 234
234 235
233 236
236 237
237 238
238 239
237 240
240 241
209 242
242 243
243 244
244 245
243 246
246 247
1 248
248 249
249 250
250 251
251 252
249 253
253 254
254 255
