1 2
2 3
3 4
4 5
4 6
3 7
7 8
3 9
9 10
9 11
11 12
3 13
13 14
14 15
14 16
13 17
17 18
18 19
17 20
13 21
21 22
13 23
3 24
24 25
25 26
25 27
24 28
28 29
29 30
28 31
24 32
32 33
24 34
34 35
35 36
36 37
35 38
38 39
39 40
39 41
41 42
35 43
43 44
44 45
45 46
46 47
45 48
44 49
49 50
50 51
49 52
52 53
43 54
54 55
55 56
56 57
57 58
56 59
59 60
55 61
54 62
62 63
63 64
63 65
62 66
66 67
67 68
66 69
62 70
70 71
62 72
72 73
73 74
74 75
73 76
76 77
77 78
78 79
77 80
80 81
43 82
82 83
83 84
84 85
83 86
86 87
1 88
88 89
89 90
90 91
90 92
89 93
93 94
89 95
95 96
95 97
97 98
89 99
99 100
100 101
100 102
99 103
103 104
104 105
103 106
99 107
107 108
99 109
109 110
110 111
110 112
89 113
113 114
114 115
114 116
113 117
117 118
118 119
117 120
113 121
121 122
113 123
123 124
124 125
125 126
124 127
127 128
128 129
128 130
130 131
124 132
132 133
133 134
134 135
133 136
132 137
137 138
138 139
139 140
140 141
139 142
142 143
138 144
137 145
145 146
146 147
146 148
145 149
149 150
150 151
149 152
145 153
153 154
145 155
155 156
156 157
157 158
156 159
159 160
160 161
161 162
160 163
163 164
132 165
165 166
166 167
167 168
166 169
169 170
1 171
171 172
172 173
173 174
174 175
172 176
176 177
177 178
