1 2
2 3
3 4
4 5
3 6
6 7
6 8
8 9
3 10
10 11
3 12
12 13
3 14
14 15
3 16
16 17
17 18
18 19
17 20
20 21
21 22
21 23
23 24
17 25
25 26
26 27
27 28
28 29
27 30
26 31
31 32
32 33
31 34
34 35
25 36
36 37
37 38
38 39
39 40
38 41
41 42
37 43
36 44
44 45
45 46
45 47
44 48
48 49
49 50
48 51
44 52
52 53
44 54
54 55
55 56
56 57
55 58
58 59
59 60
60 61
59 62
62 63
25 64
64 65
65 66
66 67
65 68
68 69
1 70
70 71
71 72
72 73
71 74
74 75
74 76
76 77
71 78
78 79
71 80
80 81
81 82
81 83
71 84
84 85
71 86
86 87
87 88
88 89
87 90
90 91
91 92
91 93
93 94
87 95
95 96
96 97
97 98
96 99
95 100
100 101
101 102
102 103
103 104
102 105
105 106
101 107
100 108
108 109
109 110
109 111
108 112
112 113
113 114
112 115
108 116
116 117
108 118
118 119
119 120
120 121
119 122
122 123
123 124
124 125
123 126
126 127
95 128
128 129
129 130
130 131
129 132
132 133
1 134
134 135
135 136
136 137
137 138
135 139
139 140
140 141
