1 2
2 3
3 4
4 5
3 6
6 7
6 8
8 9
3 10
10 11
10 12
12 13
13 14
13 15
12 16
12 17
17 18
18 19
19 20
18 21
21 22
12 23
3 24
24 25
24 26
26 27
27 28
27 29
29 30
30 31
29 32
32 33
26 34
26 35
35 36
36 37
37 38
36 39
39 40
40 41
40 42
42 43
36 44
44 45
45 46
46 47
47 48
46 49
45 50
50 51
51 52
50 53
53 54
44 55
55 56
56 57
57 58
58 59
57 60
60 61
56 62
55 63
63 64
64 65
64 66
63 67
67 68
68 69
67 70
63 71
71 72
63 73
73 74
74 75
75 76
74 77
77 78
78 79
79 80
78 81
81 82
44 83
83 84
84 85
85 86
84 87
87 88
26 89
1 90
90 91
91 92
92 93
91 94
94 95
94 96
96 97
91 98
98 99
98 100
100 101
101 102
101 103
100 104
100 105
105 106
106 107
107 108
106 109
109 110
100 111
91 112
112 113
112 114
114 115
115 116
115 117
117 118
118 119
117 120
120 121
121 122
121 123
123 124
117 125
125 126
126 127
127 128
128 129
127 130
126 131
131 132
132 133
131 134
134 135
125 136
136 137
137 138
138 139
139 140
138 141
141 142
137 143
136 144
144 145
145 146
145 147
144 148
148 149
149 150
148 151
144 152
152 153
144 154
154 155
155 156
156 157
155 158
158 159
159 160
160 161
159 162
162 163
125 164
164 165
165 166
166 167
165 168
168 169
114 170
114 171
171 172
172 173
173 174
172 175
175 176
114 177
1 178
178 179
179 180
180 181
179 182
182 183
182 184
184 185
179 186
186 187
186 188
188 189
189 190
189 191
191 192
192 193
191 194
194 195
188 196
188 197
197 198
198 199
198 200
188 201
179 202
202 203
202 204
204 205
205 206
205 207
207 208
208 209
207 210
210 211
211 212
211 213
213 214
207 215
215 216
216 217
217 218
216 219
215 220
220 221
221 222
222 223
223 224
222 225
225 226
221 227
220 228
228 229
229 230
229 231
228 232
232 233
233 234
232 235
228 236
236 237
228 238
238 239
239 240
240 241
239 242
242 243
243 244
244 245
243 246
246 247
215 248
248 249
249 250
250 251
249 252
252 253
204 254
204 255
255 256
256 257
257 258
256 259
259 260
204 261
1 262
262 263
263 264
264 265
263 266
266 267
266 268
268 269
263 270
270 271
270 272
272 273
273 274
273 275
275 276
275 277
272 278
272 279
279 280
280 281
281 282
280 283
283 284
272 285
263 286
286 287
286 288
288 289
289 290
289 291
291 292
292 293
291 294
294 295
295 296
295 297
297 298
291 299
299 300
300 301
301 302
300 303
299 304
304 305
305 306
306 307
307 308
306 309
309 310
305 311
304 312
312 313
313 314
313 315
312 316
316 317
317 318
316 319
312 320
320 321
312 322
322 323
323 324
324 325
323 326
326 327
327 328
328 329
327 330
330 331
299 332
332 333
333 334
334 335
333 336
336 337
288 338
288 339
339 340
340 341
341 342
340 343
343 344
288 345
1 346
346 347
347 348
348 349
349 350
347 351
351 352
352 353
347 354
354 355
355 356
347 357
357 358
358 359
