1 2
2 3
3 4
4 5
5 6
4 7
7 8
8 9
4 10
10 11
10 12
12 13
4 14
14 15
14 16
4 17
17 18
18 19
19 20
20 21
17 22
22 23
23 24
22 25
25 26
26 27
26 28
28 29
22 30
30 31
31 32
32 33
31 34
30 35
35 36
36 37
37 38
38 39
37 40
40 41
36 42
35 43
43 44
44 45
44 46
43 47
47 48
48 49
47 50
43 51
51 52
43 53
30 54
2 55
55 56
56 57
57 58
56 59
59 60
60 61
56 62
62 63
62 64
64 65
56 66
66 67
67 68
68 69
69 70
66 71
71 72
72 73
71 74
74 75
75 76
75 77
77 78
71 79
79 80
80 81
81 82
82 83
81 84
80 85
85 86
86 87
85 88
88 89
79 90
90 91
91 92
92 93
93 94
92 95
95 96
91 97
90 98
98 99
99 100
99 101
98 102
102 103
103 104
102 105
98 106
106 107
98 108
79 109
2 110
110 111
111 112
112 113
113 114
111 115
115 116
116 117
