1 2
2 3
1 4
4 5
1 6
6 7
1 8
8 9
8 10
10 11
11 12
12 13
11 14
14 15
15 16
16 17
15 18
18 19
11 20
20 21
21 22
22 23
21 24
24 25
25 26
25 27
27 28
21 29
29 30
30 31
31 32
32 33
31 34
30 35
35 36
36 37
35 38
38 39
29 40
40 41
41 42
42 43
43 44
42 45
45 46
41 47
40 48
48 49
49 50
49 51
48 52
52 53
53 54
52 55
48 56
56 57
48 58
58 59
59 60
60 61
59 62
62 63
63 64
64 65
63 66
66 67
29 68
68 69
69 70
70 71
69 72
72 73
1 74
74 75
75 76
76 77
75 78
78 79
78 80
80 81
75 82
82 83
82 84
75 85
85 86
86 87
85 88
88 89
1 90
90 91
90 92
92 93
93 94
94 95
93 96
96 97
97 98
98 99
97 100
100 101
101 102
101 103
103 104
97 105
105 106
106 107
107 108
108 109
107 110
106 111
111 112
112 113
111 114
114 115
105 116
116 117
117 118
118 119
119 120
118 121
121 122
117 123
116 124
124 125
125 126
125 127
124 128
128 129
129 130
128 131
124 132
132 133
124 134
134 135
135 136
136 137
135 138
138 139
139 140
140 141
139 142
142 143
105 144
144 145
145 146
146 147
145 148
148 149
1 150
150 151
151 152
152 153
151 154
154 155
154 156
156 157
151 158
158 159
158 160
151 161
161 162
162 163
161 164
164 165
1 166
166 167
166 168
168 169
169 170
170 171
169 172
172 173
173 174
174 175
173 176
176 177
177 178
177 179
179 180
173 181
181 182
182 183
183 184
182 185
181 186
186 187
187 188
188 189
189 190
188 191
191 192
187 193
186 194
194 195
195 196
195 197
194 198
198 199
199 200
198 201
194 202
202 203
194 204
204 205
205 206
206 207
205 208
208 209
209 210
210 211
209 212
212 213
181 214
214 215
215 216
216 217
215 218
218 219
1 220
220 221
221 222
222 223
221 224
224 225
224 226
226 227
221 228
228 229
228 230
221 231
231 232
231 233
221 234
234 235
235 236
234 237
237 238
1 239
239 240
240 241
241 242
242 243
240 244
244 245
245 246
240 247
247 248
248 249
