1 2
2 3
3 4
4 5
3 6
6 7
6 8
8 9
3 10
10 11
10 12
3 13
13 14
14 15
13 16
16 17
17 18
17 19
19 20
13 21
21 22
22 23
23 24
22 25
21 26
26 27
27 28
28 29
29 30
28 31
31 32
27 33
26 34
34 35
35 36
35 37
34 38
38 39
39 40
38 41
34 42
42 43
34 44
44 45
45 46
46 47
45 48
48 49
49 50
50 51
49 52
52 53
21 54
54 55
55 56
56 57
55 58
58 59
1 60
60 61
61 62
62 63
61 64
64 65
64 66
66 67
61 68
68 69
68 70
61 71
71 72
72 73
71 74
74 75
75 76
75 77
77 78
71 79
79 80
80 81
81 82
82 83
81 84
80 85
85 86
86 87
85 88
88 89
79 90
90 91
91 92
92 93
93 94
92 95
95 96
91 97
90 98
98 99
99 100
99 101
98 102
102 103
103 104
102 105
98 106
106 107
98 108
108 109
109 110
110 111
109 112
112 113
113 114
114 115
113 116
116 117
79 118
118 119
119 120
120 121
119 122
122 123
1 124
124 125
125 126
126 127
127 128
125 129
129 130
130 131
