1 2
2 3
1 4
4 5
1 6
6 7
7 8
8 9
7 10
10 11
10 12
12 13
7 14
14 15
15 16
14 17
17 18
18 19
18 20
7 21
21 22
22 23
21 24
24 25
25 26
26 27
25 28
28 29
21 30
30 31
31 32
32 33
31 34
34 35
35 36
35 37
37 38
31 39
39 40
40 41
41 42
42 43
41 44
40 45
45 46
46 47
45 48
48 49
39 50
50 51
51 52
52 53
53 54
52 55
55 56
51 57
50 58
58 59
59 60
59 61
58 62
62 63
63 64
62 65
58 66
66 67
58 68
68 69
69 70
70 71
69 72
72 73
73 74
74 75
73 76
76 77
39 78
78 79
79 80
80 81
79 82
82 83
1 84
84 85
85 86
86 87
85 88
88 89
88 90
90 91
85 92
92 93
93 94
92 95
95 96
96 97
96 98
85 99
99 100
100 101
99 102
102 103
103 104
104 105
103 106
106 107
107 108
107 109
109 110
103 111
111 112
112 113
113 114
114 115
113 116
112 117
117 118
118 119
117 120
120 121
111 122
122 123
123 124
124 125
125 126
124 127
127 128
123 129
122 130
130 131
131 132
131 133
130 134
134 135
135 136
134 137
130 138
138 139
130 140
140 141
141 142
142 143
141 144
144 145
145 146
146 147
145 148
148 149
111 150
150 151
151 152
152 153
151 154
154 155
1 156
156 157
157 158
158 159
157 160
160 161
160 162
162 163
157 164
164 165
165 166
164 167
167 168
168 169
169 170
168 171
171 172
164 173
173 174
174 175
174 176
157 177
177 178
178 179
177 180
180 181
181 182
182 183
181 184
184 185
185 186
185 187
187 188
181 189
189 190
190 191
191 192
190 193
189 194
194 195
195 196
196 197
197 198
196 199
199 200
195 201
194 202
202 203
203 204
203 205
202 206
206 207
207 208
206 209
202 210
210 211
202 212
212 213
213 214
214 215
213 216
216 217
217 218
218 219
217 220
220 221
189 222
222 223
223 224
224 225
223 226
226 227
1 228
228 229
229 230
230 231
229 232
232 233
232 234
234 235
229 236
236 237
237 238
236 239
239 240
240 241
240 242
229 243
243 244
244 245
243 246
246 247
247 248
248 249
247 250
250 251
251 252
251 253
253 254
247 255
255 256
256 257
257 258
256 259
255 260
260 261
261 262
262 263
263 264
262 265
265 266
261 267
260 268
268 269
269 270
269 271
268 272
272 273
273 274
272 275
268 276
276 277
268 278
278 279
279 280
280 281
279 282
282 283
283 284
284 285
283 286
286 287
255 288
288 289
289 290
290 291
289 292
292 293
1 294
294 295
295 296
296 297
297 298
295 299
299 300
300 301
295 302
302 303
303 304
295 305
305 306
306 307
