1 2
2 3
3 4
4 5
1 6
6 7
7 8
8 9
1 10
10 11
11 12
12 13
11 14
14 15
14 16
16 17
11 18
18 19
19 20
20 21
18 22
22 23
23 24
23 25
11 26
26 27
27 28
28 29
26 30
30 31
31 32
32 33
31 34
34 35
26 36
36 37
37 38
38 39
37 40
40 41
41 42
41 43
43 44
37 45
45 46
46 47
47 48
48 49
47 50
46 51
51 52
52 53
51 54
54 55
45 56
56 57
57 58
58 59
59 60
58 61
61 62
57 63
56 64
64 65
65 66
65 67
64 68
68 69
69 70
68 71
64 72
72 73
64 74
74 75
75 76
76 77
75 78
78 79
79 80
80 81
79 82
82 83
45 84
84 85
85 86
86 87
85 88
88 89
1 90
90 91
91 92
92 93
91 94
94 95
94 96
96 97
91 98
98 99
99 100
100 101
98 102
102 103
103 104
103 105
91 106
106 107
107 108
108 109
106 110
110 111
111 112
112 113
111 114
114 115
115 116
115 117
117 118
111 119
119 120
120 121
121 122
122 123
121 124
120 125
125 126
126 127
125 128
128 129
119 130
130 131
131 132
132 133
133 134
132 135
135 136
131 137
130 138
138 139
139 140
139 141
138 142
142 143
143 144
142 145
138 146
146 147
138 148
148 149
149 150
150 151
149 152
152 153
153 154
154 155
153 156
156 157
119 158
158 159
159 160
160 161
159 162
162 163
1 164
164 165
165 166
166 167
165 168
168 169
168 170
170 171
165 172
172 173
173 174
174 175
172 176
176 177
177 178
178 179
177 180
180 181
172 182
182 183
183 184
183 185
165 186
186 187
187 188
188 189
186 190
190 191
191 192
192 193
191 194
194 195
195 196
195 197
197 198
191 199
199 200
200 201
201 202
200 203
199 204
204 205
205 206
206 207
207 208
206 209
209 210
205 211
204 212
212 213
213 214
213 215
212 216
216 217
217 218
216 219
212 220
220 221
212 222
222 223
223 224
224 225
223 226
226 227
227 228
228 229
227 230
230 231
199 232
232 233
233 234
234 235
233 236
236 237
1 238
238 239
239 240
240 241
239 242
242 243
242 244
244 245
239 246
246 247
247 248
248 249
246 250
250 251
251 252
251 253
239 254
254 255
255 256
256 257
254 258
258 259
259 260
260 261
259 262
262 263
263 264
263 265
265 266
259 267
267 268
268 269
269 270
268 271
267 272
272 273
273 274
274 275
275 276
274 277
277 278
273 279
272 280
280 281
281 282
281 283
280 284
284 285
285 286
284 287
280 288
288 289
280 290
290 291
291 292
292 293
291 294
294 295
295 296
296 297
295 298
298 299
267 300
300 301
301 302
302 303
301 304
304 305
1 306
306 307
307 308
308 309
309 310
307 311
311 312
312 313
307 314
314 315
315 316
307 317
317 318
318 319
