1 2
2 3
1 4
4 5
5 6
6 7
5 8
8 9
8 10
10 11
5 12
12 13
13 14
14 15
13 16
12 17
17 18
18 19
18 20
5 21
21 22
22 23
23 24
22 25
21 26
26 27
27 28
28 29
27 30
30 31
21 32
32 33
33 34
34 35
33 36
36 37
37 38
37 39
39 40
33 41
41 42
42 43
43 44
44 45
43 46
42 47
47 48
48 49
47 50
50 51
41 52
52 53
53 54
54 55
55 56
54 57
57 58
53 59
52 60
60 61
61 62
61 63
60 64
64 65
65 66
64 67
60 68
68 69
60 70
70 71
71 72
72 73
71 74
74 75
75 76
76 77
75 78
78 79
41 80
80 81
81 82
82 83
81 84
84 85
1 86
86 87
87 88
88 89
87 90
90 91
90 92
92 93
87 94
94 95
95 96
96 97
95 98
94 99
99 100
100 101
100 102
87 103
103 104
104 105
105 106
104 107
103 108
108 109
109 110
110 111
109 112
112 113
113 114
113 115
115 116
109 117
117 118
118 119
119 120
120 121
119 122
118 123
123 124
124 125
123 126
126 127
117 128
128 129
129 130
130 131
131 132
130 133
133 134
129 135
128 136
136 137
137 138
137 139
136 140
140 141
141 142
140 143
136 144
144 145
136 146
146 147
147 148
148 149
147 150
150 151
151 152
152 153
151 154
154 155
117 156
156 157
157 158
158 159
157 160
160 161
1 162
162 163
163 164
164 165
163 166
166 167
166 168
168 169
163 170
170 171
171 172
172 173
171 174
170 175
175 176
176 177
177 178
176 179
179 180
170 181
181 182
182 183
182 184
163 185
185 186
186 187
187 188
186 189
185 190
190 191
191 192
192 193
191 194
194 195
195 196
195 197
197 198
191 199
199 200
200 201
201 202
200 203
199 204
204 205
205 206
206 207
207 208
206 209
209 210
205 211
204 212
212 213
213 214
213 215
212 216
216 217
217 218
216 219
212 220
220 221
212 222
222 223
223 224
224 225
223 226
226 227
227 228
228 229
227 230
230 231
199 232
232 233
233 234
234 235
233 236
236 237
1 238
238 239
239 240
240 241
239 242
242 243
242 244
244 245
239 246
246 247
247 248
248 249
247 250
246 251
251 252
252 253
252 254
239 255
255 256
256 257
257 258
256 259
255 260
260 261
261 262
262 263
261 264
264 265
265 266
265 267
267 268
261 269
269 270
270 271
271 272
270 273
269 274
274 275
275 276
276 277
277 278
276 279
279 280
275 281
274 282
282 283
283 284
283 285
282 286
286 287
287 288
286 289
282 290
290 291
282 292
292 293
293 294
294 295
293 296
296 297
297 298
298 299
297 300
300 301
269 302
302 303
303 304
304 305
303 306
306 307
1 308
308 309
309 310
310 311
311 312
309 313
313 314
314 315
309 316
316 317
317 318
309 319
319 320
320 321
