1 2
2 3
3 4
4 5
3 6
6 7
6 8
8 9
3 10
10 11
11 12
12 13
10 14
14 15
15 16
15 17
10 18
18 19
19 20
19 21
3 22
22 23
23 24
24 25
22 26
26 27
27 28
28 29
27 30
30 31
31 32
31 33
33 34
27 35
35 36
36 37
37 38
38 39
37 40
36 41
41 42
42 43
41 44
44 45
35 46
46 47
47 48
48 49
49 50
48 51
51 52
47 53
46 54
54 55
55 56
55 57
54 58
58 59
59 60
58 61
54 62
62 63
54 64
64 65
65 66
66 67
65 68
68 69
69 70
70 71
69 72
72 73
35 74
74 75
75 76
76 77
75 78
78 79
22 80
80 81
81 82
82 83
81 84
84 85
85 86
85 87
87 88
81 89
89 90
90 91
91 92
92 93
91 94
90 95
95 96
96 97
95 98
98 99
89 100
100 101
101 102
102 103
103 104
102 105
105 106
101 107
100 108
108 109
109 110
109 111
108 112
112 113
113 114
112 115
108 116
116 117
108 118
118 119
119 120
120 121
119 122
122 123
123 124
124 125
123 126
126 127
89 128
128 129
129 130
130 131
129 132
132 133
1 134
134 135
135 136
136 137
135 138
138 139
138 140
140 141
135 142
142 143
143 144
144 145
142 146
146 147
147 148
147 149
142 150
150 151
151 152
151 153
135 154
154 155
155 156
156 157
154 158
158 159
159 160
160 161
159 162
162 163
163 164
163 165
165 166
159 167
167 168
168 169
169 170
168 171
167 172
172 173
173 174
174 175
175 176
174 177
177 178
173 179
172 180
180 181
181 182
181 183
180 184
184 185
185 186
184 187
180 188
188 189
180 190
190 191
191 192
192 193
191 194
194 195
195 196
196 197
195 198
198 199
167 200
200 201
201 202
202 203
201 204
204 205
154 206
206 207
207 208
208 209
207 210
210 211
211 212
211 213
213 214
207 215
215 216
216 217
217 218
216 219
215 220
220 221
221 222
222 223
223 224
222 225
225 226
221 227
220 228
228 229
229 230
229 231
228 232
232 233
233 234
232 235
228 236
236 237
228 238
238 239
239 240
240 241
239 242
242 243
243 244
244 245
243 246
246 247
215 248
248 249
249 250
250 251
249 252
252 253
1 254
254 255
255 256
256 257
257 258
255 259
259 260
260 261
