1 2
2 3
3 4
4 5
3 6
6 7
6 8
8 9
3 10
10 11
10 12
12 13
13 14
13 15
15 16
15 17
12 18
12 19
19 20
20 21
21 22
20 23
23 24
12 25
3 26
26 27
26 28
28 29
29 30
29 31
31 32
32 33
31 34
34 35
28 36
28 37
37 38
38 39
39 40
38 41
41 42
42 43
42 44
44 45
38 46
46 47
47 48
48 49
49 50
48 51
47 52
52 53
53 54
52 55
55 56
46 57
57 58
58 59
59 60
60 61
59 62
62 63
58 64
57 65
65 66
66 67
66 68
65 69
69 70
70 71
69 72
65 73
73 74
65 75
75 76
76 77
77 78
76 79
79 80
80 81
81 82
80 83
83 84
46 85
85 86
86 87
87 88
86 89
89 90
28 91
1 92
92 93
93 94
94 95
93 96
96 97
96 98
98 99
93 100
100 101
100 102
102 103
103 104
103 105
105 106
105 107
102 108
102 109
109 110
110 111
111 112
110 113
113 114
102 115
93 116
116 117
116 118
118 119
119 120
119 121
121 122
122 123
121 124
124 125
125 126
125 127
127 128
121 129
129 130
130 131
131 132
132 133
131 134
130 135
135 136
136 137
135 138
138 139
129 140
140 141
141 142
142 143
143 144
142 145
145 146
141 147
140 148
148 149
149 150
149 151
148 152
152 153
153 154
152 155
148 156
156 157
148 158
158 159
159 160
160 161
159 162
162 163
163 164
164 165
163 166
166 167
129 168
168 169
169 170
170 171
169 172
172 173
118 174
118 175
175 176
176 177
177 178
176 179
179 180
118 181
1 182
182 183
183 184
184 185
183 186
186 187
186 188
188 189
183 190
190 191
190 192
192 193
193 194
193 195
195 196
196 197
195 198
198 199
192 200
192 201
201 202
202 203
202 204
192 205
183 206
206 207
206 208
208 209
209 210
209 211
211 212
212 213
211 214
214 215
215 216
215 217
217 218
211 219
219 220
220 221
221 222
220 223
219 224
224 225
225 226
226 227
227 228
226 229
229 230
225 231
224 232
232 233
233 234
233 235
232 236
236 237
237 238
236 239
232 240
240 241
232 242
242 243
243 244
244 245
243 246
246 247
247 248
248 249
247 250
250 251
219 252
252 253
253 254
254 255
253 256
256 257
208 258
208 259
259 260
260 261
261 262
260 263
263 264
208 265
1 266
266 267
267 268
268 269
267 270
270 271
270 272
272 273
267 274
274 275
274 276
276 277
277 278
277 279
279 280
279 281
276 282
276 283
283 284
284 285
285 286
284 287
287 288
276 289
267 290
290 291
290 292
292 293
293 294
293 295
295 296
296 297
295 298
298 299
299 300
299 301
301 302
295 303
303 304
304 305
305 306
304 307
303 308
308 309
309 310
310 311
311 312
310 313
313 314
309 315
308 316
316 317
317 318
317 319
316 320
320 321
321 322
320 323
316 324
324 325
316 326
326 327
327 328
328 329
327 330
330 331
331 332
332 333
331 334
334 335
303 336
336 337
337 338
338 339
337 340
340 341
292 342
292 343
343 344
344 345
345 346
344 347
347 348
292 349
1 350
350 351
351 352
352 353
353 354
351 355
355 356
356 357
351 358
358 359
359 360
351 361
361 362
362 363
