1 2
2 3
3 4
4 5
3 6
6 7
6 8
8 9
3 10
10 11
11 12
12 13
10 14
14 15
15 16
15 17
3 18
18 19
19 20
20 21
18 22
22 23
23 24
24 25
23 26
26 27
18 28
28 29
29 30
30 31
29 32
32 33
33 34
33 35
35 36
29 37
37 38
38 39
39 40
40 41
39 42
38 43
43 44
44 45
43 46
46 47
37 48
48 49
49 50
50 51
51 52
50 53
53 54
49 55
48 56
56 57
57 58
57 59
56 60
60 61
61 62
60 63
56 64
64 65
56 66
66 67
67 68
68 69
67 70
70 71
71 72
72 73
71 74
74 75
37 76
76 77
77 78
78 79
77 80
80 81
1 82
82 83
83 84
84 85
83 86
86 87
86 88
88 89
83 90
90 91
91 92
92 93
90 94
94 95
95 96
95 97
83 98
98 99
99 100
100 101
98 102
102 103
103 104
104 105
103 106
106 107
107 108
107 109
109 110
103 111
111 112
112 113
113 114
114 115
113 116
112 117
117 118
118 119
117 120
120 121
111 122
122 123
123 124
124 125
125 126
124 127
127 128
123 129
122 130
130 131
131 132
131 133
130 134
134 135
135 136
134 137
130 138
138 139
130 140
140 141
141 142
142 143
141 144
144 145
145 146
146 147
145 148
148 149
111 150
150 151
151 152
152 153
151 154
154 155
1 156
156 157
157 158
158 159
157 160
160 161
160 162
162 163
157 164
164 165
165 166
166 167
164 168
168 169
169 170
170 171
169 172
172 173
164 174
174 175
175 176
175 177
157 178
178 179
179 180
180 181
178 182
182 183
183 184
184 185
183 186
186 187
187 188
187 189
189 190
183 191
191 192
192 193
193 194
192 195
191 196
196 197
197 198
198 199
199 200
198 201
201 202
197 203
196 204
204 205
205 206
205 207
204 208
208 209
209 210
208 211
204 212
212 213
204 214
214 215
215 216
216 217
215 218
218 219
219 220
220 221
219 222
222 223
191 224
224 225
225 226
226 227
225 228
228 229
1 230
230 231
231 232
232 233
231 234
234 235
234 236
236 237
231 238
238 239
239 240
240 241
238 242
242 243
243 244
243 245
231 246
246 247
247 248
248 249
246 250
250 251
251 252
252 253
251 254
254 255
255 256
255 257
257 258
251 259
259 260
260 261
261 262
260 263
259 264
264 265
265 266
266 267
267 268
266 269
269 270
265 271
264 272
272 273
273 274
273 275
272 276
276 277
277 278
276 279
272 280
280 281
272 282
282 283
283 284
284 285
283 286
286 287
287 288
288 289
287 290
290 291
259 292
292 293
293 294
294 295
293 296
296 297
1 298
298 299
299 300
300 301
301 302
299 303
303 304
304 305
299 306
306 307
307 308
299 309
309 310
310 311
