1 2
2 3
3 4
4 5
4 6
3 7
7 8
3 9
9 10
9 11
11 12
3 13
13 14
14 15
14 16
13 17
17 18
18 19
17 20
13 21
21 22
13 23
23 24
24 25
24 26
3 27
27 28
28 29
28 30
27 31
31 32
32 33
31 34
27 35
35 36
27 37
37 38
38 39
39 40
38 41
41 42
42 43
42 44
44 45
38 46
46 47
47 48
48 49
49 50
48 51
47 52
52 53
53 54
52 55
55 56
46 57
57 58
58 59
59 60
60 61
59 62
62 63
58 64
57 65
65 66
66 67
66 68
65 69
69 70
70 71
69 72
65 73
73 74
65 75
75 76
76 77
77 78
76 79
79 80
80 81
81 82
80 83
83 84
46 85
85 86
86 87
87 88
86 89
89 90
1 91
91 92
92 93
93 94
93 95
92 96
96 97
92 98
98 99
98 100
100 101
92 102
102 103
103 104
103 105
102 106
106 107
107 108
106 109
102 110
110 111
102 112
112 113
113 114
113 115
92 116
116 117
117 118
117 119
116 120
120 121
121 122
120 123
116 124
124 125
116 126
126 127
127 128
128 129
127 130
130 131
131 132
131 133
133 134
127 135
135 136
136 137
137 138
136 139
135 140
140 141
141 142
142 143
143 144
142 145
145 146
141 147
140 148
148 149
149 150
149 151
148 152
152 153
153 154
152 155
148 156
156 157
148 158
158 159
159 160
160 161
159 162
162 163
163 164
164 165
163 166
166 167
135 168
168 169
169 170
170 171
169 172
172 173
1 174
174 175
175 176
176 177
177 178
175 179
179 180
180 181
