1 2
2 3
1 4
4 5
1 6
6 7
1 8
8 9
8 10
10 11
11 12
12 13
11 14
14 15
15 16
16 17
15 18
18 19
11 20
20 21
21 22
22 23
21 24
24 25
25 26
25 27
27 28
21 29
29 30
30 31
31 32
32 33
31 34
30 35
35 36
36 37
35 38
38 39
29 40
40 41
41 42
42 43
43 44
42 45
45 46
41 47
40 48
48 49
49 50
49 51
48 52
52 53
53 54
52 55
48 56
56 57
48 58
58 59
59 60
60 61
59 62
62 63
63 64
64 65
63 66
66 67
29 68
68 69
69 70
70 71
69 72
72 73
1 74
74 75
75 76
76 77
75 78
78 79
78 80
80 81
75 82
82 83
82 84
75 85
85 86
85 87
75 88
88 89
89 90
88 91
91 92
1 93
93 94
93 95
95 96
96 97
97 98
96 99
99 100
100 101
101 102
100 103
103 104
104 105
104 106
106 107
100 108
108 109
109 110
110 111
111 112
110 113
109 114
114 115
115 116
114 117
117 118
108 119
119 120
120 121
121 122
122 123
121 124
124 125
120 126
119 127
127 128
128 129
128 130
127 131
131 132
132 133
131 134
127 135
135 136
127 137
137 138
138 139
139 140
138 141
141 142
142 143
143 144
142 145
145 146
108 147
147 148
148 149
149 150
148 151
151 152
1 153
153 154
154 155
155 156
154 157
157 158
157 159
159 160
154 161
161 162
161 163
154 164
164 165
164 166
154 167
167 168
168 169
167 170
170 171
1 172
172 173
172 174
174 175
175 176
176 177
175 178
178 179
179 180
180 181
179 182
182 183
183 184
183 185
185 186
179 187
187 188
188 189
189 190
188 191
187 192
192 193
193 194
194 195
195 196
194 197
197 198
193 199
192 200
200 201
201 202
201 203
200 204
204 205
205 206
204 207
200 208
208 209
200 210
210 211
211 212
212 213
211 214
214 215
215 216
216 217
215 218
218 219
187 220
220 221
221 222
222 223
221 224
224 225
1 226
226 227
227 228
228 229
227 230
230 231
230 232
232 233
227 234
234 235
234 236
227 237
237 238
237 239
227 240
240 241
241 242
240 243
243 244
1 245
245 246
246 247
247 248
248 249
246 250
250 251
251 252
246 253
253 254
254 255
