1 2
2 3
3 4
4 5
3 6
6 7
6 8
8 9
3 10
10 11
10 12
12 13
13 14
13 15
3 16
16 17
16 18
18 19
19 20
20 21
19 22
22 23
16 24
24 25
25 26
26 27
25 28
28 29
29 30
29 31
31 32
25 33
33 34
34 35
35 36
36 37
35 38
34 39
39 40
40 41
39 42
42 43
33 44
44 45
45 46
46 47
47 48
46 49
49 50
45 51
44 52
52 53
53 54
53 55
52 56
56 57
57 58
56 59
52 60
60 61
52 62
62 63
63 64
64 65
63 66
66 67
67 68
68 69
67 70
70 71
33 72
72 73
73 74
74 75
73 76
76 77
1 78
78 79
79 80
80 81
79 82
82 83
82 84
84 85
79 86
86 87
86 88
88 89
89 90
89 91
79 92
92 93
92 94
94 95
95 96
96 97
95 98
98 99
99 100
99 101
101 102
95 103
103 104
104 105
105 106
106 107
105 108
104 109
109 110
110 111
109 112
112 113
103 114
114 115
115 116
116 117
117 118
116 119
119 120
115 121
114 122
122 123
123 124
123 125
122 126
126 127
127 128
126 129
122 130
130 131
122 132
132 133
133 134
134 135
133 136
136 137
137 138
138 139
137 140
140 141
103 142
142 143
143 144
144 145
143 146
146 147
1 148
148 149
149 150
150 151
149 152
152 153
152 154
154 155
149 156
156 157
156 158
158 159
159 160
160 161
159 162
162 163
156 164
164 165
165 166
165 167
149 168
168 169
168 170
170 171
171 172
172 173
171 174
174 175
175 176
175 177
177 178
171 179
179 180
180 181
181 182
180 183
179 184
184 185
185 186
186 187
187 188
186 189
189 190
185 191
184 192
192 193
193 194
193 195
192 196
196 197
197 198
196 199
192 200
200 201
192 202
202 203
203 204
204 205
203 206
206 207
207 208
208 209
207 210
210 211
179 212
212 213
213 214
214 215
213 216
216 217
1 218
218 219
219 220
220 221
219 222
222 223
222 224
224 225
219 226
226 227
226 228
228 229
229 230
229 231
219 232
232 233
232 234
234 235
235 236
236 237
235 238
238 239
239 240
239 241
241 242
235 243
243 244
244 245
245 246
244 247
243 248
248 249
249 250
250 251
251 252
250 253
253 254
249 255
248 256
256 257
257 258
257 259
256 260
260 261
261 262
260 263
256 264
264 265
256 266
266 267
267 268
268 269
267 270
270 271
271 272
272 273
271 274
274 275
243 276
276 277
277 278
278 279
277 280
280 281
1 282
282 283
283 284
284 285
285 286
283 287
287 288
288 289
283 290
290 291
291 292
283 293
293 294
294 295
