1 2
1 3
1 4
1 5
5 6
6 7
7 8
8 9
9 10
6 11
11 12
12 13
11 14
14 15
15 16
15 17
17 18
11 19
19 20
20 21
21 22
20 23
19 24
24 25
25 26
26 27
27 28
26 29
29 30
25 31
24 32
32 33
33 34
33 35
32 36
36 37
37 38
36 39
32 40
40 41
32 42
42 43
43 44
44 45
43 46
46 47
47 48
48 49
47 50
50 51
19 52
52 53
53 54
54 55
53 56
56 57
1 58
58 59
59 60
60 61
59 62
62 63
62 64
64 65
59 66
66 67
66 68
59 69
69 70
69 71
71 72
59 73
73 74
74 75
1 76
76 77
77 78
78 79
79 80
80 81
77 82
82 83
83 84
82 85
85 86
86 87
86 88
88 89
82 90
90 91
91 92
92 93
93 94
92 95
91 96
96 97
97 98
96 99
99 100
90 101
101 102
102 103
103 104
104 105
103 106
106 107
102 108
101 109
109 110
110 111
110 112
109 113
113 114
114 115
113 116
109 117
117 118
109 119
119 120
120 121
121 122
120 123
123 124
124 125
125 126
124 127
127 128
90 129
129 130
130 131
131 132
130 133
133 134
1 135
135 136
136 137
137 138
136 139
139 140
139 141
141 142
136 143
143 144
143 145
136 146
146 147
146 148
148 149
136 150
150 151
151 152
1 153
153 154
154 155
155 156
156 157
154 158
158 159
159 160
