1 2
2 3
3 4
4 5
3 6
6 7
6 8
8 9
3 10
10 11
10 12
3 13
13 14
14 15
15 16
16 17
13 18
18 19
19 20
20 21
13 22
22 23
23 24
22 25
25 26
26 27
26 28
28 29
22 30
30 31
31 32
32 33
31 34
30 35
35 36
36 37
37 38
38 39
37 40
40 41
36 42
35 43
43 44
44 45
44 46
43 47
47 48
48 49
47 50
43 51
51 52
43 53
53 54
54 55
55 56
54 57
57 58
58 59
59 60
58 61
61 62
30 63
63 64
64 65
65 66
64 67
67 68
1 69
69 70
70 71
71 72
70 73
73 74
73 75
75 76
70 77
77 78
77 79
70 80
80 81
81 82
82 83
83 84
80 85
85 86
86 87
87 88
80 89
89 90
90 91
89 92
92 93
93 94
93 95
95 96
89 97
97 98
98 99
99 100
100 101
99 102
98 103
103 104
104 105
103 106
106 107
97 108
108 109
109 110
110 111
111 112
110 113
113 114
109 115
108 116
116 117
117 118
117 119
116 120
120 121
121 122
120 123
116 124
124 125
116 126
126 127
127 128
128 129
127 130
130 131
131 132
132 133
131 134
134 135
97 136
136 137
137 138
138 139
137 140
140 141
1 142
142 143
143 144
144 145
145 146
143 147
147 148
148 149
