1 2
2 3
3 4
4 5
5 6
4 7
7 8
8 9
4 10
10 11
10 12
12 13
4 14
14 15
14 16
4 17
17 18
18 19
19 20
20 21
17 22
22 23
23 24
22 25
25 26
26 27
26 28
28 29
22 30
30 31
31 32
32 33
31 34
30 35
35 36
36 37
37 38
38 39
37 40
40 41
36 42
35 43
43 44
44 45
44 46
43 47
47 48
48 49
47 50
43 51
51 52
43 53
30 54
2 55
55 56
56 57
57 58
56 59
59 60
60 61
56 62
62 63
62 64
64 65
56 66
66 67
66 68
56 69
69 70
70 71
71 72
72 73
69 74
74 75
75 76
74 77
77 78
78 79
78 80
80 81
74 82
82 83
83 84
84 85
85 86
84 87
83 88
88 89
89 90
88 91
91 92
82 93
93 94
94 95
95 96
96 97
95 98
98 99
94 100
93 101
101 102
102 103
102 104
101 105
105 106
106 107
105 108
101 109
109 110
101 111
82 112
2 113
113 114
114 115
115 116
116 117
114 118
118 119
119 120
