1 2
2 3
3 4
3 5
5 6
6 7
6 8
2 9
9 10
10 11
11 12
10 13
13 14
13 15
15 16
10 17
17 18
18 19
17 20
10 21
21 22
22 23
21 24
24 25
25 26
25 27
27 28
21 29
29 30
30 31
31 32
30 33
29 34
34 35
35 36
36 37
37 38
36 39
39 40
35 41
34 42
42 43
43 44
43 45
42 46
46 47
47 48
46 49
42 50
50 51
42 52
29 53
2 54
54 55
54 56
56 57
57 58
57 59
2 60
60 61
61 62
62 63
61 64
64 65
64 66
66 67
61 68
68 69
69 70
68 71
61 72
72 73
73 74
72 75
75 76
76 77
76 78
78 79
72 80
80 81
81 82
82 83
83 84
82 85
81 86
86 87
87 88
86 89
89 90
80 91
91 92
92 93
93 94
94 95
93 96
96 97
92 98
91 99
99 100
100 101
100 102
99 103
103 104
104 105
103 106
99 107
107 108
99 109
80 110
2 111
111 112
112 113
113 114
114 115
112 116
116 117
117 118
