1 2
2 3
2 4
1 5
5 6
6 7
6 8
1 9
9 10
10 11
11 12
10 13
13 14
14 15
10 16
16 17
16 18
18 19
10 20
20 21
20 22
10 23
23 24
24 25
23 26
26 27
10 28
28 29
29 30
30 31
31 32
32 33
28 34
34 35
35 36
34 37
37 38
38 39
38 40
40 41
34 42
42 43
43 44
44 45
43 46
42 47
47 48
48 49
49 50
50 51
49 52
52 53
48 54
47 55
55 56
56 57
56 58
55 59
59 60
60 61
59 62
55 63
63 64
55 65
65 66
66 67
67 68
66 69
69 70
70 71
71 72
70 73
73 74
42 75
75 76
76 77
77 78
76 79
79 80
1 81
81 82
82 83
83 84
82 85
85 86
86 87
82 88
88 89
88 90
90 91
82 92
92 93
92 94
82 95
95 96
96 97
95 98
98 99
82 100
100 101
101 102
102 103
103 104
104 105
100 106
106 107
107 108
106 109
109 110
110 111
110 112
112 113
106 114
114 115
115 116
116 117
117 118
116 119
115 120
120 121
121 122
120 123
123 124
114 125
125 126
126 127
127 128
128 129
127 130
130 131
126 132
125 133
133 134
134 135
134 136
133 137
137 138
138 139
137 140
133 141
141 142
133 143
143 144
144 145
145 146
144 147
147 148
148 149
149 150
148 151
151 152
114 153
153 154
154 155
155 156
154 157
157 158
1 159
159 160
160 161
161 162
162 163
160 164
164 165
165 166
