1 2
2 3
2 4
4 5
5 6
5 7
4 8
8 9
9 10
1 11
11 12
12 13
13 14
12 15
15 16
15 17
17 18
12 19
19 20
19 21
21 22
22 23
21 24
24 25
12 26
26 27
27 28
26 29
29 30
30 31
30 32
32 33
26 34
34 35
35 36
36 37
35 38
34 39
39 40
40 41
41 42
42 43
41 44
44 45
40 46
39 47
47 48
48 49
48 50
47 51
51 52
52 53
51 54
47 55
55 56
47 57
57 58
58 59
59 60
58 61
61 62
62 63
63 64
62 65
65 66
34 67
67 68
68 69
69 70
68 71
71 72
1 73
73 74
73 75
75 76
76 77
76 78
75 79
79 80
80 81
1 82
82 83
83 84
84 85
83 86
86 87
86 88
88 89
83 90
90 91
90 92
92 93
93 94
92 95
95 96
83 97
97 98
98 99
97 100
100 101
101 102
101 103
103 104
97 105
105 106
106 107
107 108
108 109
107 110
106 111
111 112
112 113
111 114
114 115
105 116
116 117
117 118
118 119
119 120
118 121
121 122
117 123
116 124
124 125
125 126
125 127
124 128
128 129
129 130
128 131
124 132
132 133
124 134
134 135
135 136
136 137
135 138
138 139
139 140
140 141
139 142
142 143
105 144
144 145
145 146
146 147
145 148
148 149
1 150
150 151
151 152
152 153
153 154
151 155
155 156
156 157
