1 2
2 3
3 4
4 5
3 6
6 7
7 8
8 9
3 10
10 11
11 12
12 13
3 14
14 15
14 16
16 17
3 18
18 19
19 20
20 21
21 22
22 23
23 24
18 25
25 26
25 27
18 28
28 29
29 30
30 31
28 32
32 33
3 34
34 35
35 36
36 37
37 38
38 39
39 40
34 41
41 42
42 43
41 44
44 45
45 46
45 47
47 48
41 49
49 50
50 51
51 52
50 53
49 54
54 55
55 56
56 57
57 58
56 59
59 60
55 61
54 62
62 63
63 64
63 65
62 66
66 67
67 68
66 69
62 70
70 71
62 72
72 73
73 74
74 75
73 76
76 77
77 78
78 79
77 80
80 81
49 82
82 83
83 84
84 85
83 86
86 87
1 88
88 89
89 90
90 91
89 92
92 93
93 94
94 95
89 96
96 97
97 98
98 99
89 100
100 101
100 102
102 103
89 104
104 105
105 106
106 107
107 108
108 109
109 110
104 111
111 112
111 113
104 114
114 115
115 116
116 117
114 118
118 119
89 120
120 121
121 122
122 123
123 124
124 125
125 126
120 127
127 128
128 129
127 130
130 131
131 132
131 133
133 134
127 135
135 136
136 137
137 138
138 139
137 140
136 141
141 142
142 143
141 144
144 145
135 146
146 147
147 148
148 149
149 150
148 151
151 152
147 153
146 154
154 155
155 156
155 157
154 158
158 159
159 160
158 161
154 162
162 163
154 164
164 165
165 166
166 167
165 168
168 169
169 170
170 171
169 172
172 173
135 174
174 175
175 176
176 177
175 178
178 179
1 180
180 181
181 182
182 183
183 184
181 185
185 186
186 187
