1 2
1 3
1 4
1 5
1 6
1 7
1 8
1 9
1 10
1 11
1 12
1 13
1 14
14 15
1 16
16 17
1 18
18 19
1 20
20 21
1 22
22 23
1 24
24 25
1 26
26 27
1 28
28 29
1 30
1 31
1 32
1 33
1 34
1 35
1 36
1 37
1 38
1 39
1 40
1 41
1 42
1 43
1 44
44 45
45 46
1 47
47 48
48 49
49 50
1 51
1 52
1 53
1 54
1 55
1 56
1 57
1 58
1 59
1 60
1 61
1 62
1 63
1 64
1 65
1 66
1 67
1 68
1 69
1 70
1 71
1 72
1 73
73 74
1 75
1 76
1 77
1 78
1 79
79 80
1 81
81 82
1 83
83 84
1 85
85 86
1 87
87 88
1 89
89 90
1 91
91 92
1 93
93 94
1 95
95 96
1 97
97 98
1 99
99 100
1 101
101 102
1 103
103 104
1 105
105 106
1 107
107 108
1 109
109 110
1 111
111 112
1 113
113 114
1 115
115 116
1 117
117 118
1 119
119 120
1 121
121 122
1 123
123 124
1 125
125 126
1 127
127 128
1 129
1 130
1 131
1 132
132 133
1 134
134 135
1 136
136 137
1 138
138 139
1 140
140 141
1 142
142 143
1 144
144 145
1 146
146 147
1 148
148 149
1 150
150 151
150 152
152 153
150 154
154 155
155 156
156 157
157 158
157 159
159 160
160 161
161 162
162 163
163 164
164 165
165 166
166 167
167 168
164 169
162 170
160 171
171 172
172 173
173 174
174 175
175 176
176 177
177 178
174 179
172 180
1 181
181 182
181 183
183 184
181 185
185 186
186 187
187 188
188 189
189 190
190 191
191 192
192 193
193 194
194 195
195 196
196 197
194 198
192 199
190 200
200 201
201 202
202 203
203 204
204 205
205 206
203 207
201 208
189 209
209 210
210 211
211 212
212 213
213 214
214 215
212 216
210 217
188 218
218 219
219 220
220 221
221 222
222 223
223 224
221 225
219 226
1 227
227 228
227 229
229 230
227 231
231 232
232 233
233 234
234 235
235 236
236 237
237 238
238 239
239 240
240 241
241 242
242 243
243 244
244 245
245 246
246 247
247 248
248 249
245 250
243 251
241 252
252 253
253 254
254 255
255 256
256 257
257 258
258 259
255 260
253 261
240 262
262 263
263 264
264 265
265 266
266 267
267 268
268 269
265 270
263 271
239 272
272 273
273 274
274 275
275 276
276 277
277 278
278 279
275 280
273 281
238 282
282 283
283 284
284 285
285 286
286 287
287 288
288 289
285 290
283 291
237 292
292 293
293 294
294 295
295 296
296 297
297 298
298 299
295 300
293 301
236 302
302 303
303 304
304 305
305 306
306 307
307 308
308 309
305 310
303 311
235 312
312 313
313 314
314 315
315 316
316 317
317 318
318 319
315 320
313 321
1 322
322 323
322 324
324 325
322 326
326 327
327 328
328 329
1 330
330 331
330 332
332 333
330 334
334 335
335 336
336 337
1 338
338 339
338 340
340 341
338 342
342 343
343 344
344 345
1 346
346 347
347 348
348 349
349 350
350 351
349 352
352 353
353 354
354 355
353 356
1 357
357 358
358 359
359 360
360 361
361 362
362 363
361 364
364 365
365 366
366 367
365 368
1 369
369 370
1 371
371 372
372 373
371 374
374 375
1 376
376 377
377 378
376 379
379 380
1 381
381 382
1 383
1 384
384 385
385 386
385 387
387 388
387 389
389 390
390 391
390 392
392 393
393 394
1 395
395 396
396 397
397 398
397 399
399 400
399 401
401 402
402 403
402 404
404 405
405 406
1 407
407 408
1 409
409 410
409 411
411 412
409 413
413 414
409 415
415 416
409 417
417 418
1 419
419 420
419 421
421 422
419 423
423 424
419 425
425 426
419 427
427 428
419 429
429 430
1 431
431 432
1 433
433 434
1 435
435 436
1 437
437 438
1 439
439 440
439 441
439 442
439 443
439 444
439 445
439 446
439 447
439 448
439 449
449 450
439 451
439 452
1 453
453 454
454 455
453 456
456 457
1 458
458 459
459 460
460 461
459 462
462 463
1 464
464 465
464 466
464 467
464 468
464 469
464 470
464 471
464 472
472 473
1 474
474 475
475 476
475 477
477 478
477 479
475 480
480 481
481 482
481 483
474 484
484 485
484 486
486 487
486 488
484 489
489 490
490 491
490 492
474 493
493 494
474 495
495 496
474 497
474 498
474 499
499 500
1 501
1 502
502 503
503 504
502 505
1 506
506 507
507 508
508 509
507 510
1 511
511 512
512 513
511 514
1 515
515 516
516 517
517 518
516 519
1 520
1 521
1 522
522 523
523 524
522 525
1 526
526 527
1 528
528 529
529 530
528 531
531 532
528 533
1 534
534 535
535 536
536 537
535 538
538 539
535 540
1 541
541 542
542 543
541 544
544 545
541 546
1 547
547 548
548 549
549 550
548 551
551 552
548 553
1 554
554 555
555 556
554 557
557 558
554 559
1 560
560 561
561 562
562 563
561 564
564 565
561 566
1 567
567 568
568 569
567 570
1 571
571 572
572 573
573 574
572 575
1 576
1 577
577 578
578 579
577 580
1 581
581 582
582 583
583 584
582 585
1 586
586 587
587 588
586 589
1 590
590 591
591 592
592 593
591 594
1 595
595 596
595 597
1 598
598 599
1 600
600 601
601 602
600 603
603 604
600 605
605 606
600 607
607 608
600 609
609 610
600 611
611 612
600 613
613 614
600 615
615 616
600 617
617 618
1 619
1 620
620 621
621 622
620 623
623 624
1 625
625 626
626 627
625 628
628 629
629 630
630 631
631 632
632 633
631 634
634 635
630 636
625 637
1 638
638 639
639 640
638 641
641 642
638 643
643 644
638 645
645 646
638 647
647 648
638 649
649 650
638 651
651 652
638 653
653 654
638 655
655 656
638 657
657 658
638 659
659 660
638 661
661 662
638 663
663 664
638 665
665 666
638 667
667 668
638 669
669 670
638 671
671 672
638 673
673 674
638 675
675 676
638 677
677 678
638 679
679 680
1 681
681 682
681 683
683 684
681 685
685 686
681 687
681 688
681 689
681 690
1 691
691 692
691 693
691 694
691 695
1 696
696 697
696 698
696 699
699 700
696 701
701 702
1 703
703 704
704 705
1 706
706 707
706 708
1 709
709 710
709 711
711 712
1 713
713 714
714 715
713 716
713 717
1 718
718 719
718 720
718 721
718 722
1 723
723 724
723 725
723 726
723 727
723 728
728 729
1 730
730 731
730 732
730 733
733 734
730 735
735 736
1 737
737 738
737 739
737 740
740 741
737 742
742 743
1 744
744 745
744 746
746 747
744 748
748 749
1 750
750 751
750 752
750 753
753 754
750 755
755 756
1 757
757 758
757 759
757 760
757 761
757 762
1 763
763 764
763 765
763 766
763 767
763 768
1 769
769 770
769 771
769 772
769 773
769 774
769 775
775 776
769 777
777 778
1 779
779 780
779 781
779 782
779 783
779 784
779 785
785 786
779 787
787 788
1 789
789 790
789 791
789 792
792 793
789 794
1 795
795 796
795 797
795 798
798 799
795 800
1 801
801 802
801 803
801 804
801 805
801 806
801 807
807 808
1 809
809 810
809 811
809 812
809 813
809 814
809 815
815 816
1 817
817 818
817 819
817 820
1 821
821 822
821 823
823 824
821 825
825 826
1 827
827 828
827 829
827 830
1 831
831 832
831 833
1 834
834 835
834 836
834 837
1 838
838 839
1 840
840 841
1 842
842 843
1 844
844 845
1 846
846 847
1 848
848 849
849 850
1 851
851 852
852 853
851 854
854 855
1 856
856 857
857 858
856 859
859 860
856 861
1 862
862 863
862 864
864 865
862 866
866 867
1 868
868 869
869 870
868 871
871 872
868 873
873 874
868 875
875 876
868 877
877 878
868 879
879 880
868 881
881 882
868 883
883 884
868 885
885 886
868 887
887 888
868 889
889 890
868 891
891 892
868 893
893 894
868 895
895 896
868 897
897 898
868 899
899 900
868 901
901 902
868 903
903 904
868 905
905 906
868 907
907 908
868 909
909 910
868 911
911 912
868 913
913 914
868 915
915 916
868 917
917 918
868 919
1 920
920 921
921 922
920 923
923 924
920 925
925 926
920 927
927 928
920 929
929 930
920 931
931 932
920 933
933 934
1 935
935 936
1 937
937 938
938 939
937 940
940 941
937 942
942 943
937 944
944 945
937 946
946 947
937 948
948 949
937 950
950 951
937 952
952 953
937 954
954 955
937 956
956 957
937 958
958 959
937 960
960 961
937 962
962 963
937 964
964 965
937 966
966 967
937 968
968 969
937 970
970 971
937 972
972 973
937 974
974 975
937 976
976 977
937 978
978 979
937 980
980 981
937 982
982 983
937 984
984 985
937 986
986 987
937 988
988 989
1 990
990 991
991 992
992 993
992 994
991 995
995 996
995 997
991 998
998 999
998 1000
990 1001
1001 1002
1002 1003
1003 1004
1003 1005
1002 1006
1006 1007
1006 1008
1002 1009
1009 1010
1009 1011
1 1012
1012 1013
1 1014
1014 1015
1 1016
1016 1017
1017 1018
1016 1019
1019 1020
1016 1021
1021 1022
1016 1023
1023 1024
1024 1025
1025 1026
1026 1027
1027 1028
1026 1029
1029 1030
1025 1031
1031 1032
1024 1033
1033 1034
1 1035
1035 1036
1036 1037
1035 1038
1038 1039
1035 1040
1040 1041
1035 1042
1042 1043
1035 1044
1044 1045
1 1046
1046 1047
1047 1048
1046 1049
1049 1050
1 1051
1051 1052
1052 1053
1051 1054
1054 1055
1051 1056
1056 1057
1 1058
1058 1059
1059 1060
1058 1061
1 1062
1062 1063
1063 1064
1062 1065
1065 1066
1 1067
1067 1068
1068 1069
1067 1070
1070 1071
1067 1072
1072 1073
1 1074
1074 1075
1075 1076
1074 1077
1077 1078
1074 1079
1079 1080
1074 1081
1081 1082
1074 1083
1083 1084
1083 1085
1 1086
1086 1087
1087 1088
1086 1089
1089 1090
1086 1091
1091 1092
1086 1093
1093 1094
1086 1095
1095 1096
1095 1097
1 1098
1098 1099
1098 1100
1098 1101
1098 1102
1102 1103
1 1104
1104 1105
1104 1106
1104 1107
1104 1108
1108 1109
1 1110
1110 1111
1110 1112
1110 1113
1110 1114
1114 1115
1 1116
1116 1117
1116 1118
1116 1119
1116 1120
1120 1121
1 1122
1122 1123
1122 1124
1122 1125
1125 1126
1 1127
1127 1128
1127 1129
1127 1130
1130 1131
1 1132
1132 1133
1132 1134
1132 1135
1 1136
1136 1137
1136 1138
1136 1139
1139 1140
1 1141
1141 1142
1141 1143
1141 1144
1144 1145
1141 1146
1146 1147
1 1148
1148 1149
1148 1150
1148 1151
1151 1152
1 1153
1153 1154
1153 1155
1153 1156
1 1157
1157 1158
1157 1159
1159 1160
1 1161
1161 1162
1161 1163
1161 1164
1161 1165
1 1166
1166 1167
1166 1168
1166 1169
1166 1170
1166 1171
1171 1172
1 1173
1173 1174
1173 1175
1173 1176
1176 1177
1 1178
1178 1179
1178 1180
1180 1181
1178 1182
1178 1183
1 1184
1184 1185
1184 1186
1184 1187
1184 1188
1184 1189
1184 1190
1 1191
1191 1192
1191 1193
1191 1194
1191 1195
1191 1196
1 1197
1197 1198
1197 1199
1197 1200
1197 1201
1 1202
1202 1203
1202 1204
1202 1205
1202 1206
1 1207
1207 1208
1 1209
1209 1210
1 1211
1211 1212
1211 1213
1211 1214
1211 1215
1 1216
1216 1217
1216 1218
1216 1219
1216 1220
1216 1221
1216 1222
1 1223
1223 1224
1223 1225
1223 1226
1223 1227
1227 1228
1223 1229
1 1230
1230 1231
1 1232
1232 1233
1232 1234
1232 1235
1232 1236
1 1237
1237 1238
1237 1239
1237 1240
1237 1241
1 1242
1242 1243
1242 1244
1242 1245
1242 1246
1242 1247
1247 1248
1 1249
1249 1250
1249 1251
1249 1252
1249 1253
1249 1254
1254 1255
1 1256
1256 1257
1256 1258
1258 1259
1 1260
1260 1261
1260 1262
1 1263
1263 1264
1 1265
1265 1266
1265 1267
1265 1268
1268 1269
1265 1270
1270 1271
1 1272
1272 1273
1273 1274
1 1275
1 1276
1276 1277
1276 1278
1276 1279
1276 1280
1280 1281
1276 1282
1282 1283
1 1284
1284 1285
1284 1286
1284 1287
1287 1288
1284 1289
1289 1290
1 1291
1291 1292
1291 1293
1291 1294
1291 1295
1295 1296
1291 1297
1297 1298
1 1299
1299 1300
1299 1301
1299 1302
1299 1303
1299 1304
1304 1305
1299 1306
1306 1307
1299 1308
1 1309
1309 1310
1309 1311
1309 1312
1 1313
1313 1314
1313 1315
1 1316
1316 1317
1316 1318
1316 1319
1 1320
1320 1321
1320 1322
1320 1323
1320 1324
1 1325
1325 1326
1325 1327
1 1328
1328 1329
1328 1330
1328 1331
1 1332
1 1333
1333 1334
1333 1335
1333 1336
1333 1337
1333 1338
1 1339
1339 1340
1339 1341
1339 1342
1339 1343
1339 1344
1 1345
1345 1346
1345 1347
1345 1348
1345 1349
1 1350
1350 1351
1350 1352
1350 1353
1350 1354
1 1355
1355 1356
1355 1357
1355 1358
1355 1359
1 1360
1360 1361
1360 1362
1360 1363
1360 1364
1 1365
1365 1366
1365 1367
1365 1368
1365 1369
1 1370
1370 1371
1370 1372
1 1373
1373 1374
1 1375
1375 1376
1375 1377
1375 1378
1375 1379
1375 1380
1375 1381
1375 1382
1375 1383
1375 1384
1375 1385
1375 1386
1375 1387
1375 1388
1375 1389
1375 1390
1375 1391
1375 1392
1375 1393
1375 1394
1375 1395
1375 1396
1 1397
1397 1398
1397 1399
1397 1400
1397 1401
1397 1402
1397 1403
1397 1404
1397 1405
1397 1406
1397 1407
1397 1408
1397 1409
1397 1410
1397 1411
1397 1412
1397 1413
1397 1414
1397 1415
1397 1416
1397 1417
1397 1418
1397 1419
1397 1420
1397 1421
1397 1422
1397 1423
1397 1424
1397 1425
1397 1426
1397 1427
1397 1428
1397 1429
1397 1430
1397 1431
1397 1432
1397 1433
1397 1434
1397 1435
1397 1436
1397 1437
1397 1438
1397 1439
1397 1440
1397 1441
1397 1442
1397 1443
1397 1444
1397 1445
1397 1446
1397 1447
1397 1448
1397 1449
1397 1450
1397 1451
1397 1452
1397 1453
1397 1454
1397 1455
1397 1456
1397 1457
1397 1458
1397 1459
1459 1460
1397 1461
1397 1462
1397 1463
1397 1464
1397 1465
1397 1466
1397 1467
1397 1468
1397 1469
1397 1470
1397 1471
1397 1472
1397 1473
1397 1474
1397 1475
1397 1476
1397 1477
1397 1478
1397 1479
1397 1480
1397 1481
1397 1482
1397 1483
1397 1484
1397 1485
1397 1486
1397 1487
1397 1488
1397 1489
1397 1490
1397 1491
1397 1492
1397 1493
1397 1494
1397 1495
1397 1496
1397 1497
1397 1498
1397 1499
1397 1500
1397 1501
1397 1502
1397 1503
1397 1504
1397 1505
1397 1506
1397 1507
1397 1508
1397 1509
1397 1510
1397 1511
1397 1512
1397 1513
1397 1514
1397 1515
1397 1516
1397 1517
1397 1518
1397 1519
1397 1520
1397 1521
1397 1522
1397 1523
1397 1524
1397 1525
1397 1526
1397 1527
1397 1528
1397 1529
1397 1530
1397 1531
1397 1532
1397 1533
1397 1534
1397 1535
1397 1536
1397 1537
1397 1538
1397 1539
1397 1540
1397 1541
1397 1542
1397 1543
1397 1544
1397 1545
1397 1546
1397 1547
1397 1548
1397 1549
1397 1550
1397 1551
1397 1552
1397 1553
1397 1554
1397 1555
1397 1556
1397 1557
1397 1558
1397 1559
1397 1560
1397 1561
1397 1562
1397 1563
1397 1564
1397 1565
1397 1566
1397 1567
1397 1568
1397 1569
1397 1570
1397 1571
1397 1572
1397 1573
1397 1574
1397 1575
1397 1576
1397 1577
1397 1578
1397 1579
1397 1580
1397 1581
1397 1582
1397 1583
1397 1584
1397 1585
1397 1586
1397 1587
1397 1588
1397 1589
1397 1590
1397 1591
1397 1592
1397 1593
1397 1594
1397 1595
1397 1596
1397 1597
1397 1598
1397 1599
1397 1600
1600 1601
1601 1602
1601 1603
1397 1604
1397 1605
1397 1606
1397 1607
1397 1608
1397 1609
1397 1610
1397 1611
1397 1612
1397 1613
1397 1614
1397 1615
1397 1616
1 1617
1617 1618
1617 1619
1617 1620
1617 1621
1617 1622
1617 1623
1617 1624
1624 1625
1617 1626
1617 1627
1617 1628
1617 1629
1617 1630
1617 1631
1617 1632
1617 1633
1633 1634
1617 1635
1617 1636
1617 1637
1617 1638
1617 1639
1617 1640
1617 1641
1617 1642
1617 1643
1617 1644
1617 1645
1617 1646
1617 1647
1617 1648
1617 1649
1617 1650
1617 1651
1617 1652
1617 1653
1617 1654
1617 1655
1617 1656
1617 1657
1617 1658
1617 1659
1617 1660
1617 1661
1617 1662
1617 1663
1617 1664
1617 1665
1617 1666
1617 1667
1617 1668
1617 1669
1617 1670
1617 1671
1617 1672
1617 1673
1617 1674
1617 1675
1617 1676
1617 1677
1617 1678
1617 1679
1617 1680
1617 1681
1617 1682
1617 1683
1 1684
1684 1685
1684 1686
1684 1687
1684 1688
1 1689
1689 1690
1689 1691
1689 1692
1 1693
1693 1694
1693 1695
1 1696
1696 1697
1 1698
1698 1699
1698 1700
1 1701
1701 1702
1701 1703
1 1704
1704 1705
1704 1706
1 1707
1707 1708
1707 1709
1707 1710
1710 1711
1 1712
1712 1713
1712 1714
1712 1715
1715 1716
1 1717
1717 1718
1717 1719
1719 1720
1717 1721
1721 1722
1 1723
1723 1724
1 1725
1725 1726
1725 1727
1 1728
1728 1729
1728 1730
1728 1731
1731 1732
1 1733
1733 1734
1733 1735
1 1736
1736 1737
1736 1738
1 1739
1739 1740
1739 1741
1 1742
1742 1743
1742 1744
1 1745
1745 1746
1745 1747
1745 1748
1748 1749
1 1750
1750 1751
1750 1752
1752 1753
1 1754
1754 1755
1754 1756
1756 1757
1754 1758
1758 1759
1 1760
1760 1761
1760 1762
1762 1763
1 1764
1764 1765
1764 1766
1766 1767
1 1768
1768 1769
1768 1770
1770 1771
1768 1772
1772 1773
1 1774
1774 1775
1774 1776
1776 1777
1 1778
1778 1779
1778 1780
1 1781
1781 1782
1781 1783
1 1784
1784 1785
1784 1786
1 1787
1787 1788
1787 1789
1787 1790
1787 1791
1787 1792
1 1793
1793 1794
1793 1795
1 1796
1796 1797
1 1798
1798 1799
1798 1800
1798 1801
1798 1802
1 1803
1803 1804
1803 1805
1803 1806
1803 1807
1803 1808
1803 1809
1803 1810
1 1811
1811 1812
1811 1813
1811 1814
1811 1815
1 1816
1816 1817
1816 1818
1816 1819
1816 1820
1816 1821
1816 1822
1 1823
1823 1824
1823 1825
1823 1826
1823 1827
1823 1828
1 1829
1829 1830
1829 1831
1829 1832
1829 1833
1829 1834
1829 1835
1829 1836
1 1837
1837 1838
1837 1839
1837 1840
1 1841
1841 1842
1841 1843
1841 1844
1841 1845
1841 1846
1 1847
1847 1848
1847 1849
1847 1850
1 1851
1851 1852
1851 1853
1851 1854
1 1855
1855 1856
1855 1857
1855 1858
1858 1859
1 1860
1 1861
1861 1862
1861 1863
1861 1864
1 1865
1865 1866
1865 1867
1865 1868
1 1869
1 1870
1 1871
1 1872
1 1873
1873 1874
1873 1875
1873 1876
1873 1877
1873 1878
1 1879
1879 1880
1879 1881
1879 1882
1879 1883
1 1884
1884 1885
1884 1886
1884 1887
1884 1888
1 1889
1889 1890
1889 1891
1 1892
1892 1893
1892 1894
1892 1895
1892 1896
1 1897
1897 1898
1897 1899
1897 1900
1897 1901
1 1902
1902 1903
1 1904
1904 1905
1904 1906
1904 1907
1 1908
1908 1909
1908 1910
1908 1911
1908 1912
1908 1913
1908 1914
1 1915
1915 1916
1915 1917
1 1918
1918 1919
1 1920
1920 1921
1 1922
1922 1923
1 1924
1924 1925
1924 1926
1924 1927
1 1928
1928 1929
1928 1930
1928 1931
1 1932
1932 1933
1932 1934
1 1935
1935 1936
1 1937
1 1938
1938 1939
1 1940
1940 1941
1940 1942
1 1943
1943 1944
1 1945
1945 1946
1945 1947
1945 1948
1945 1949
1949 1950
1 1951
1951 1952
1951 1953
1951 1954
1954 1955
1 1956
1956 1957
1956 1958
1 1959
1959 1960
1959 1961
1961 1962
1 1963
1963 1964
1963 1965
1 1966
1966 1967
1966 1968
1966 1969
1969 1970
1 1971
1971 1972
1 1973
1973 1974
1973 1975
1973 1976
1973 1977
1 1978
1978 1979
1978 1980
1 1981
1981 1982
1982 1983
1983 1984
1982 1985
1985 1986
1985 1987
1987 1988
1982 1989
1989 1990
1989 1991
1991 1992
1992 1993
1993 1994
1992 1995
1995 1996
1996 1997
1992 1998
1998 1999
1999 2000
2000 2001
1992 2002
2002 2003
2003 2004
2004 2005
1992 2006
2006 2007
2007 2008
2008 2009
2009 2010
2010 2011
2011 2012
2010 2013
2013 2014
2014 2015
2009 2016
2016 2017
1992 2018
2018 2019
2019 2020
2020 2021
2020 2022
2022 2023
2023 2024
2022 2025
2022 2026
2022 2027
2019 2028
2028 2029
2029 2030
2030 2031
2029 2032
2032 2033
2028 2034
2034 2035
2019 2036
2036 2037
2037 2038
2036 2039
2039 2040
2040 2041
2036 2042
2036 2043
2043 2044
2044 2045
2019 2046
2046 2047
2047 2048
2046 2049
2049 2050
2019 2051
2051 2052
2052 2053
2053 2054
2051 2055
2055 2056
2056 2057
2056 2058
2019 2059
2059 2060
2060 2061
2059 2062
2062 2063
2063 2064
2062 2065
2065 2066
2019 2067
2067 2068
2068 2069
2069 2070
2070 2071
2069 2072
2072 2073
2069 2074
2074 2075
2075 2076
2075 2077
2077 2078
2069 2079
2079 2080
2080 2081
2081 2082
2068 2083
2083 2084
2067 2085
2085 2086
2019 2087
2087 2088
2088 2089
2089 2090
2090 2091
2089 2092
2092 2093
2089 2094
2088 2095
2095 2096
2087 2097
2097 2098
2019 2099
2099 2100
2100 2101
2101 2102
2100 2103
2103 2104
2099 2105
2105 2106
2019 2107
2107 2108
2108 2109
2109 2110
2110 2111
2109 2112
2112 2113
2108 2114
2114 2115
2115 2116
2114 2117
2107 2118
2118 2119
2019 2120
2120 2121
2121 2122
2122 2123
2121 2124
2124 2125
2120 2126
2126 2127
2019 2128
2128 2129
2128 2130
2130 2131
2131 2132
2130 2133
2133 2134
2018 2135
1992 2136
2136 2137
2137 2138
2138 2139
2137 2140
2140 2141
2136 2142
2142 2143
2143 2144
2144 2145
2143 2146
2146 2147
1992 2148
2148 2149
2149 2150
2150 2151
2149 2152
2152 2153
2148 2154
2154 2155
2155 2156
2156 2157
2155 2158
2158 2159
1991 2160
1982 2161
2161 2162
2161 2163
2163 2164
2164 2165
2165 2166
2164 2167
2167 2168
2168 2169
2168 2170
2170 2171
2164 2172
2172 2173
2173 2174
2174 2175
2175 2176
2174 2177
2173 2178
2178 2179
2179 2180
2178 2181
2181 2182
2172 2183
2183 2184
2184 2185
2185 2186
2186 2187
2185 2188
2188 2189
2184 2190
2183 2191
2191 2192
2192 2193
2192 2194
2191 2195
2195 2196
2196 2197
2195 2198
2191 2199
2199 2200
2191 2201
2201 2202
2202 2203
2203 2204
2202 2205
2205 2206
2206 2207
2207 2208
2206 2209
2209 2210
2172 2211
2211 2212
2212 2213
2213 2214
2212 2215
2215 2216
2163 2217
1 2218
2218 2219
2219 2220
2220 2221
2219 2222
2222 2223
2222 2224
2224 2225
2219 2226
2226 2227
2226 2228
2228 2229
2229 2230
2229 2231
2228 2232
2219 2233
2233 2234
2233 2235
2235 2236
2236 2237
2237 2238
2236 2239
2239 2240
2240 2241
2240 2242
2242 2243
2236 2244
2244 2245
2245 2246
2246 2247
2245 2248
2244 2249
2249 2250
2250 2251
2251 2252
2252 2253
2251 2254
2254 2255
2250 2256
2249 2257
2257 2258
2258 2259
2258 2260
2257 2261
2261 2262
2262 2263
2261 2264
2257 2265
2265 2266
2257 2267
2267 2268
2268 2269
2269 2270
2268 2271
2271 2272
2272 2273
2273 2274
2272 2275
2275 2276
2244 2277
2277 2278
2278 2279
2279 2280
2278 2281
2281 2282
2235 2283
1 2284
2284 2285
2285 2286
2286 2287
2287 2288
2285 2289
2289 2290
2290 2291
