1 2
2 3
3 4
2 5
5 6
6 7
7 8
6 9
9 10
9 11
11 12
6 13
13 14
14 15
13 16
6 17
17 18
18 19
17 20
20 21
21 22
21 23
23 24
17 25
25 26
26 27
27 28
26 29
25 30
30 31
31 32
32 33
33 34
32 35
35 36
31 37
30 38
38 39
39 40
39 41
38 42
42 43
43 44
42 45
38 46
46 47
38 48
25 49
2 50
50 51
2 52
52 53
53 54
54 55
53 56
56 57
56 58
58 59
53 60
60 61
61 62
60 63
53 64
64 65
65 66
64 67
67 68
68 69
68 70
70 71
64 72
72 73
73 74
74 75
75 76
74 77
73 78
78 79
79 80
78 81
81 82
72 83
83 84
84 85
85 86
86 87
85 88
88 89
84 90
83 91
91 92
92 93
92 94
91 95
95 96
96 97
95 98
91 99
99 100
91 101
72 102
2 103
103 104
104 105
105 106
106 107
104 108
108 109
109 110
