1 2
2 3
3 4
4 5
3 6
6 7
6 8
8 9
3 10
10 11
10 12
3 13
13 14
14 15
13 16
16 17
17 18
17 19
19 20
13 21
21 22
22 23
23 24
22 25
21 26
26 27
27 28
28 29
29 30
28 31
31 32
27 33
26 34
34 35
35 36
35 37
34 38
38 39
39 40
38 41
34 42
42 43
34 44
44 45
45 46
46 47
45 48
48 49
49 50
50 51
49 52
52 53
21 54
54 55
55 56
56 57
55 58
58 59
1 60
60 61
61 62
62 63
61 64
64 65
64 66
66 67
61 68
68 69
68 70
70 71
71 72
61 73
73 74
74 75
73 76
76 77
77 78
77 79
79 80
73 81
81 82
82 83
83 84
84 85
83 86
82 87
87 88
88 89
87 90
90 91
81 92
92 93
93 94
94 95
95 96
94 97
97 98
93 99
92 100
100 101
101 102
101 103
100 104
104 105
105 106
104 107
100 108
108 109
100 110
110 111
111 112
112 113
111 114
114 115
115 116
116 117
115 118
118 119
81 120
120 121
121 122
122 123
121 124
124 125
1 126
126 127
127 128
128 129
129 130
127 131
131 132
132 133
