1 2
2 3
1 4
4 5
1 6
6 7
7 8
8 9
7 10
10 11
10 12
12 13
7 14
14 15
15 16
14 17
17 18
18 19
18 20
20 21
21 22
7 23
23 24
24 25
23 26
26 27
27 28
28 29
27 30
30 31
23 32
32 33
33 34
34 35
33 36
36 37
37 38
37 39
39 40
33 41
41 42
42 43
43 44
44 45
43 46
42 47
47 48
48 49
47 50
50 51
41 52
52 53
53 54
54 55
55 56
54 57
57 58
53 59
52 60
60 61
61 62
61 63
60 64
64 65
65 66
64 67
60 68
68 69
60 70
70 71
71 72
72 73
71 74
74 75
75 76
76 77
75 78
78 79
41 80
80 81
81 82
82 83
81 84
84 85
1 86
86 87
87 88
88 89
87 90
90 91
90 92
92 93
87 94
94 95
95 96
94 97
97 98
98 99
98 100
100 101
101 102
87 103
103 104
104 105
103 106
106 107
107 108
108 109
107 110
110 111
111 112
111 113
113 114
107 115
115 116
116 117
117 118
118 119
117 120
116 121
121 122
122 123
121 124
124 125
115 126
126 127
127 128
128 129
129 130
128 131
131 132
127 133
126 134
134 135
135 136
135 137
134 138
138 139
139 140
138 141
134 142
142 143
134 144
144 145
145 146
146 147
145 148
148 149
149 150
150 151
149 152
152 153
115 154
154 155
155 156
156 157
155 158
158 159
1 160
160 161
161 162
162 163
161 164
164 165
164 166
166 167
161 168
168 169
169 170
168 171
171 172
172 173
173 174
172 175
175 176
168 177
177 178
178 179
178 180
161 181
181 182
182 183
181 184
184 185
185 186
186 187
185 188
188 189
189 190
189 191
191 192
185 193
193 194
194 195
195 196
194 197
193 198
198 199
199 200
200 201
201 202
200 203
203 204
199 205
198 206
206 207
207 208
207 209
206 210
210 211
211 212
210 213
206 214
214 215
206 216
216 217
217 218
218 219
217 220
220 221
221 222
222 223
221 224
224 225
193 226
226 227
227 228
228 229
227 230
230 231
1 232
232 233
233 234
234 235
233 236
236 237
236 238
238 239
233 240
240 241
241 242
240 243
243 244
244 245
244 246
233 247
247 248
248 249
247 250
250 251
251 252
252 253
251 254
254 255
255 256
255 257
257 258
251 259
259 260
260 261
261 262
260 263
259 264
264 265
265 266
266 267
267 268
266 269
269 270
265 271
264 272
272 273
273 274
273 275
272 276
276 277
277 278
276 279
272 280
280 281
272 282
282 283
283 284
284 285
283 286
286 287
287 288
288 289
287 290
290 291
259 292
292 293
293 294
294 295
293 296
296 297
1 298
298 299
299 300
300 301
301 302
299 303
303 304
304 305
299 306
306 307
307 308
299 309
309 310
310 311
