1 2
2 3
3 4
4 5
3 6
6 7
6 8
8 9
3 10
10 11
10 12
12 13
13 14
13 15
15 16
16 17
3 18
18 19
18 20
20 21
21 22
22 23
21 24
24 25
18 26
26 27
27 28
28 29
27 30
30 31
31 32
31 33
33 34
27 35
35 36
36 37
37 38
38 39
37 40
36 41
41 42
42 43
41 44
44 45
35 46
46 47
47 48
48 49
49 50
48 51
51 52
47 53
46 54
54 55
55 56
55 57
54 58
58 59
59 60
58 61
54 62
62 63
54 64
64 65
65 66
66 67
65 68
68 69
69 70
70 71
69 72
72 73
35 74
74 75
75 76
76 77
75 78
78 79
1 80
80 81
81 82
82 83
81 84
84 85
84 86
86 87
81 88
88 89
88 90
90 91
91 92
91 93
93 94
94 95
81 96
96 97
96 98
98 99
99 100
100 101
99 102
102 103
103 104
103 105
105 106
99 107
107 108
108 109
109 110
110 111
109 112
108 113
113 114
114 115
113 116
116 117
107 118
118 119
119 120
120 121
121 122
120 123
123 124
119 125
118 126
126 127
127 128
127 129
126 130
130 131
131 132
130 133
126 134
134 135
126 136
136 137
137 138
138 139
137 140
140 141
141 142
142 143
141 144
144 145
107 146
146 147
147 148
148 149
147 150
150 151
1 152
152 153
153 154
154 155
153 156
156 157
156 158
158 159
153 160
160 161
160 162
162 163
163 164
164 165
163 166
166 167
160 168
168 169
169 170
169 171
153 172
172 173
172 174
174 175
175 176
176 177
175 178
178 179
179 180
179 181
181 182
175 183
183 184
184 185
185 186
184 187
183 188
188 189
189 190
190 191
191 192
190 193
193 194
189 195
188 196
196 197
197 198
197 199
196 200
200 201
201 202
200 203
196 204
204 205
196 206
206 207
207 208
208 209
207 210
210 211
211 212
212 213
211 214
214 215
183 216
216 217
217 218
218 219
217 220
220 221
1 222
222 223
223 224
224 225
223 226
226 227
226 228
228 229
223 230
230 231
230 232
232 233
233 234
233 235
223 236
236 237
236 238
238 239
239 240
240 241
239 242
242 243
243 244
243 245
245 246
239 247
247 248
248 249
249 250
248 251
247 252
252 253
253 254
254 255
255 256
254 257
257 258
253 259
252 260
260 261
261 262
261 263
260 264
264 265
265 266
264 267
260 268
268 269
260 270
270 271
271 272
272 273
271 274
274 275
275 276
276 277
275 278
278 279
247 280
280 281
281 282
282 283
281 284
284 285
1 286
286 287
287 288
288 289
289 290
287 291
291 292
292 293
287 294
294 295
295 296
287 297
297 298
298 299
