1 2
2 3
1 4
4 5
5 6
6 7
5 8
8 9
8 10
10 11
5 12
12 13
13 14
14 15
13 16
12 17
17 18
18 19
18 20
20 21
21 22
5 23
23 24
24 25
25 26
24 27
23 28
28 29
29 30
30 31
29 32
32 33
23 34
34 35
35 36
36 37
35 38
38 39
39 40
39 41
41 42
35 43
43 44
44 45
45 46
46 47
45 48
44 49
49 50
50 51
49 52
52 53
43 54
54 55
55 56
56 57
57 58
56 59
59 60
55 61
54 62
62 63
63 64
63 65
62 66
66 67
67 68
66 69
62 70
70 71
62 72
72 73
73 74
74 75
73 76
76 77
77 78
78 79
77 80
80 81
43 82
82 83
83 84
84 85
83 86
86 87
1 88
88 89
89 90
90 91
89 92
92 93
92 94
94 95
89 96
96 97
97 98
98 99
97 100
96 101
101 102
102 103
102 104
104 105
105 106
89 107
107 108
108 109
109 110
108 111
107 112
112 113
113 114
114 115
113 116
116 117
117 118
117 119
119 120
113 121
121 122
122 123
123 124
124 125
123 126
122 127
127 128
128 129
127 130
130 131
121 132
132 133
133 134
134 135
135 136
134 137
137 138
133 139
132 140
140 141
141 142
141 143
140 144
144 145
145 146
144 147
140 148
148 149
140 150
150 151
151 152
152 153
151 154
154 155
155 156
156 157
155 158
158 159
121 160
160 161
161 162
162 163
161 164
164 165
1 166
166 167
167 168
168 169
167 170
170 171
170 172
172 173
167 174
174 175
175 176
176 177
175 178
174 179
179 180
180 181
181 182
180 183
183 184
174 185
185 186
186 187
186 188
167 189
189 190
190 191
191 192
190 193
189 194
194 195
195 196
196 197
195 198
198 199
199 200
199 201
201 202
195 203
203 204
204 205
205 206
204 207
203 208
208 209
209 210
210 211
211 212
210 213
213 214
209 215
208 216
216 217
217 218
217 219
216 220
220 221
221 222
220 223
216 224
224 225
216 226
226 227
227 228
228 229
227 230
230 231
231 232
232 233
231 234
234 235
203 236
236 237
237 238
238 239
237 240
240 241
1 242
242 243
243 244
244 245
243 246
246 247
246 248
248 249
243 250
250 251
251 252
252 253
251 254
250 255
255 256
256 257
256 258
243 259
259 260
260 261
261 262
260 263
259 264
264 265
265 266
266 267
265 268
268 269
269 270
269 271
271 272
265 273
273 274
274 275
275 276
274 277
273 278
278 279
279 280
280 281
281 282
280 283
283 284
279 285
278 286
286 287
287 288
287 289
286 290
290 291
291 292
290 293
286 294
294 295
286 296
296 297
297 298
298 299
297 300
300 301
301 302
302 303
301 304
304 305
273 306
306 307
307 308
308 309
307 310
310 311
1 312
312 313
313 314
314 315
315 316
313 317
317 318
318 319
313 320
320 321
321 322
313 323
323 324
324 325
