1 2
2 3
3 4
4 5
1 6
6 7
7 8
8 9
1 10
10 11
11 12
12 13
11 14
14 15
14 16
16 17
11 18
18 19
19 20
20 21
18 22
22 23
23 24
23 25
25 26
26 27
11 28
28 29
29 30
30 31
28 32
32 33
33 34
34 35
33 36
36 37
28 38
38 39
39 40
40 41
39 42
42 43
43 44
43 45
45 46
39 47
47 48
48 49
49 50
50 51
49 52
48 53
53 54
54 55
53 56
56 57
47 58
58 59
59 60
60 61
61 62
60 63
63 64
59 65
58 66
66 67
67 68
67 69
66 70
70 71
71 72
70 73
66 74
74 75
66 76
76 77
77 78
78 79
77 80
80 81
81 82
82 83
81 84
84 85
47 86
86 87
87 88
88 89
87 90
90 91
1 92
92 93
93 94
94 95
93 96
96 97
96 98
98 99
93 100
100 101
101 102
102 103
100 104
104 105
105 106
105 107
107 108
108 109
93 110
110 111
111 112
112 113
110 114
114 115
115 116
116 117
115 118
118 119
119 120
119 121
121 122
115 123
123 124
124 125
125 126
126 127
125 128
124 129
129 130
130 131
129 132
132 133
123 134
134 135
135 136
136 137
137 138
136 139
139 140
135 141
134 142
142 143
143 144
143 145
142 146
146 147
147 148
146 149
142 150
150 151
142 152
152 153
153 154
154 155
153 156
156 157
157 158
158 159
157 160
160 161
123 162
162 163
163 164
164 165
163 166
166 167
1 168
168 169
169 170
170 171
169 172
172 173
172 174
174 175
169 176
176 177
177 178
178 179
176 180
180 181
181 182
182 183
181 184
184 185
176 186
186 187
187 188
187 189
169 190
190 191
191 192
192 193
190 194
194 195
195 196
196 197
195 198
198 199
199 200
199 201
201 202
195 203
203 204
204 205
205 206
204 207
203 208
208 209
209 210
210 211
211 212
210 213
213 214
209 215
208 216
216 217
217 218
217 219
216 220
220 221
221 222
220 223
216 224
224 225
216 226
226 227
227 228
228 229
227 230
230 231
231 232
232 233
231 234
234 235
203 236
236 237
237 238
238 239
237 240
240 241
1 242
242 243
243 244
244 245
243 246
246 247
246 248
248 249
243 250
250 251
251 252
252 253
250 254
254 255
255 256
255 257
243 258
258 259
259 260
260 261
258 262
262 263
263 264
264 265
263 266
266 267
267 268
267 269
269 270
263 271
271 272
272 273
273 274
272 275
271 276
276 277
277 278
278 279
279 280
278 281
281 282
277 283
276 284
284 285
285 286
285 287
284 288
288 289
289 290
288 291
284 292
292 293
284 294
294 295
295 296
296 297
295 298
298 299
299 300
300 301
299 302
302 303
271 304
304 305
305 306
306 307
305 308
308 309
1 310
310 311
311 312
312 313
313 314
311 315
315 316
316 317
311 318
318 319
319 320
311 321
321 322
322 323
