1 2
2 3
3 4
4 5
3 6
6 7
6 8
8 9
3 10
10 11
11 12
12 13
10 14
14 15
15 16
15 17
17 18
18 19
3 20
20 21
21 22
22 23
20 24
24 25
25 26
26 27
25 28
28 29
20 30
30 31
31 32
32 33
31 34
34 35
35 36
35 37
37 38
31 39
39 40
40 41
41 42
42 43
41 44
40 45
45 46
46 47
45 48
48 49
39 50
50 51
51 52
52 53
53 54
52 55
55 56
51 57
50 58
58 59
59 60
59 61
58 62
62 63
63 64
62 65
58 66
66 67
58 68
68 69
69 70
70 71
69 72
72 73
73 74
74 75
73 76
76 77
39 78
78 79
79 80
80 81
79 82
82 83
1 84
84 85
85 86
86 87
85 88
88 89
88 90
90 91
85 92
92 93
93 94
94 95
92 96
96 97
97 98
97 99
99 100
100 101
85 102
102 103
103 104
104 105
102 106
106 107
107 108
108 109
107 110
110 111
111 112
111 113
113 114
107 115
115 116
116 117
117 118
118 119
117 120
116 121
121 122
122 123
121 124
124 125
115 126
126 127
127 128
128 129
129 130
128 131
131 132
127 133
126 134
134 135
135 136
135 137
134 138
138 139
139 140
138 141
134 142
142 143
134 144
144 145
145 146
146 147
145 148
148 149
149 150
150 151
149 152
152 153
115 154
154 155
155 156
156 157
155 158
158 159
1 160
160 161
161 162
162 163
161 164
164 165
164 166
166 167
161 168
168 169
169 170
170 171
168 172
172 173
173 174
174 175
173 176
176 177
168 178
178 179
179 180
179 181
161 182
182 183
183 184
184 185
182 186
186 187
187 188
188 189
187 190
190 191
191 192
191 193
193 194
187 195
195 196
196 197
197 198
196 199
195 200
200 201
201 202
202 203
203 204
202 205
205 206
201 207
200 208
208 209
209 210
209 211
208 212
212 213
213 214
212 215
208 216
216 217
208 218
218 219
219 220
220 221
219 222
222 223
223 224
224 225
223 226
226 227
195 228
228 229
229 230
230 231
229 232
232 233
1 234
234 235
235 236
236 237
235 238
238 239
238 240
240 241
235 242
242 243
243 244
244 245
242 246
246 247
247 248
247 249
235 250
250 251
251 252
252 253
250 254
254 255
255 256
256 257
255 258
258 259
259 260
259 261
261 262
255 263
263 264
264 265
265 266
264 267
263 268
268 269
269 270
270 271
271 272
270 273
273 274
269 275
268 276
276 277
277 278
277 279
276 280
280 281
281 282
280 283
276 284
284 285
276 286
286 287
287 288
288 289
287 290
290 291
291 292
292 293
291 294
294 295
263 296
296 297
297 298
298 299
297 300
300 301
1 302
302 303
303 304
304 305
305 306
303 307
307 308
308 309
303 310
310 311
311 312
303 313
313 314
314 315
