1 2
2 3
3 4
4 5
3 6
6 7
6 8
8 9
3 10
10 11
11 12
12 13
10 14
14 15
15 16
15 17
17 18
18 19
10 20
20 21
21 22
21 23
23 24
24 25
3 26
26 27
27 28
28 29
26 30
30 31
31 32
32 33
31 34
34 35
35 36
35 37
37 38
31 39
39 40
40 41
41 42
42 43
41 44
40 45
45 46
46 47
45 48
48 49
39 50
50 51
51 52
52 53
53 54
52 55
55 56
51 57
50 58
58 59
59 60
59 61
58 62
62 63
63 64
62 65
58 66
66 67
58 68
68 69
69 70
70 71
69 72
72 73
73 74
74 75
73 76
76 77
39 78
78 79
79 80
80 81
79 82
82 83
26 84
84 85
85 86
86 87
85 88
88 89
89 90
89 91
91 92
85 93
93 94
94 95
95 96
96 97
95 98
94 99
99 100
100 101
99 102
102 103
93 104
104 105
105 106
106 107
107 108
106 109
109 110
105 111
104 112
112 113
113 114
113 115
112 116
116 117
117 118
116 119
112 120
120 121
112 122
122 123
123 124
124 125
123 126
126 127
127 128
128 129
127 130
130 131
93 132
132 133
133 134
134 135
133 136
136 137
1 138
138 139
139 140
140 141
139 142
142 143
142 144
144 145
139 146
146 147
147 148
148 149
146 150
150 151
151 152
151 153
146 154
154 155
155 156
155 157
139 158
158 159
159 160
160 161
158 162
162 163
163 164
164 165
163 166
166 167
167 168
167 169
169 170
163 171
171 172
172 173
173 174
172 175
171 176
176 177
177 178
178 179
179 180
178 181
181 182
177 183
176 184
184 185
185 186
185 187
184 188
188 189
189 190
188 191
184 192
192 193
184 194
194 195
195 196
196 197
195 198
198 199
199 200
200 201
199 202
202 203
171 204
204 205
205 206
206 207
205 208
208 209
158 210
210 211
211 212
212 213
211 214
214 215
215 216
215 217
217 218
211 219
219 220
220 221
221 222
220 223
219 224
224 225
225 226
226 227
227 228
226 229
229 230
225 231
224 232
232 233
233 234
233 235
232 236
236 237
237 238
236 239
232 240
240 241
232 242
242 243
243 244
244 245
243 246
246 247
247 248
248 249
247 250
250 251
219 252
252 253
253 254
254 255
253 256
256 257
1 258
258 259
259 260
260 261
261 262
259 263
263 264
264 265
