1 2
2 3
2 4
1 5
5 6
6 7
6 8
1 9
9 10
10 11
11 12
10 13
13 14
14 15
10 16
16 17
16 18
18 19
10 20
20 21
20 22
10 23
23 24
24 25
23 26
26 27
10 28
28 29
29 30
30 31
31 32
32 33
28 34
34 35
35 36
34 37
37 38
38 39
38 40
40 41
34 42
42 43
43 44
44 45
43 46
42 47
47 48
48 49
49 50
50 51
49 52
52 53
48 54
47 55
55 56
56 57
56 58
55 59
59 60
60 61
59 62
55 63
63 64
55 65
65 66
66 67
67 68
66 69
69 70
70 71
71 72
70 73
73 74
42 75
75 76
76 77
77 78
76 79
79 80
1 81
81 82
82 83
83 84
82 85
85 86
86 87
82 88
88 89
88 90
90 91
82 92
92 93
92 94
94 95
95 96
82 97
97 98
98 99
97 100
100 101
82 102
102 103
103 104
104 105
105 106
106 107
102 108
108 109
109 110
108 111
111 112
112 113
112 114
114 115
108 116
116 117
117 118
118 119
119 120
118 121
117 122
122 123
123 124
122 125
125 126
116 127
127 128
128 129
129 130
130 131
129 132
132 133
128 134
127 135
135 136
136 137
136 138
135 139
139 140
140 141
139 142
135 143
143 144
135 145
145 146
146 147
147 148
146 149
149 150
150 151
151 152
150 153
153 154
116 155
155 156
156 157
157 158
156 159
159 160
1 161
161 162
162 163
163 164
164 165
162 166
166 167
167 168
