1 2
2 3
3 4
4 5
3 6
6 7
6 8
8 9
3 10
10 11
10 12
12 13
13 14
13 15
15 16
16 17
12 18
3 19
19 20
19 21
21 22
22 23
23 24
22 25
25 26
26 27
26 28
28 29
22 30
30 31
31 32
32 33
33 34
32 35
31 36
36 37
37 38
36 39
39 40
30 41
41 42
42 43
43 44
44 45
43 46
46 47
42 48
41 49
49 50
50 51
50 52
49 53
53 54
54 55
53 56
49 57
57 58
49 59
59 60
60 61
61 62
60 63
63 64
64 65
65 66
64 67
67 68
30 69
69 70
70 71
71 72
70 73
73 74
21 75
1 76
76 77
77 78
78 79
77 80
80 81
80 82
82 83
77 84
84 85
84 86
86 87
87 88
87 89
86 90
77 91
91 92
91 93
93 94
94 95
95 96
94 97
97 98
98 99
98 100
100 101
94 102
102 103
103 104
104 105
103 106
102 107
107 108
108 109
109 110
110 111
109 112
112 113
108 114
107 115
115 116
116 117
116 118
115 119
119 120
120 121
119 122
115 123
123 124
115 125
125 126
126 127
127 128
126 129
129 130
130 131
131 132
130 133
133 134
102 135
135 136
136 137
137 138
136 139
139 140
93 141
1 142
142 143
143 144
144 145
145 146
143 147
147 148
148 149
