1 2
2 3
3 4
4 5
3 6
6 7
6 8
8 9
3 10
10 11
3 12
12 13
13 14
13 15
15 16
16 17
3 18
18 19
3 20
20 21
21 22
22 23
21 24
24 25
25 26
25 27
27 28
21 29
29 30
30 31
31 32
32 33
31 34
30 35
35 36
36 37
35 38
38 39
29 40
40 41
41 42
42 43
43 44
42 45
45 46
41 47
40 48
48 49
49 50
49 51
48 52
52 53
53 54
52 55
48 56
56 57
48 58
58 59
59 60
60 61
59 62
62 63
63 64
64 65
63 66
66 67
29 68
68 69
69 70
70 71
69 72
72 73
1 74
74 75
75 76
76 77
75 78
78 79
78 80
80 81
75 82
82 83
75 84
84 85
85 86
85 87
75 88
88 89
75 90
90 91
91 92
92 93
91 94
94 95
95 96
95 97
97 98
91 99
99 100
100 101
101 102
100 103
99 104
104 105
105 106
106 107
107 108
106 109
109 110
105 111
104 112
112 113
113 114
113 115
112 116
116 117
117 118
116 119
112 120
120 121
112 122
122 123
123 124
124 125
123 126
126 127
127 128
128 129
127 130
130 131
99 132
132 133
133 134
134 135
133 136
136 137
1 138
138 139
139 140
140 141
141 142
139 143
143 144
144 145
