1 2
2 3
3 4
4 5
4 6
3 7
7 8
3 9
9 10
9 11
11 12
3 13
13 14
14 15
14 16
13 17
17 18
18 19
17 20
13 21
21 22
13 23
23 24
24 25
24 26
26 27
27 28
3 29
29 30
30 31
30 32
29 33
33 34
34 35
33 36
29 37
37 38
29 39
39 40
40 41
41 42
40 43
43 44
44 45
44 46
46 47
40 48
48 49
49 50
50 51
51 52
50 53
49 54
54 55
55 56
54 57
57 58
48 59
59 60
60 61
61 62
62 63
61 64
64 65
60 66
59 67
67 68
68 69
68 70
67 71
71 72
72 73
71 74
67 75
75 76
67 77
77 78
78 79
79 80
78 81
81 82
82 83
83 84
82 85
85 86
48 87
87 88
88 89
89 90
88 91
91 92
1 93
93 94
94 95
95 96
95 97
94 98
98 99
94 100
100 101
100 102
102 103
94 104
104 105
105 106
105 107
104 108
108 109
109 110
108 111
104 112
112 113
104 114
114 115
115 116
115 117
94 118
118 119
119 120
119 121
118 122
122 123
123 124
122 125
118 126
126 127
118 128
128 129
129 130
130 131
129 132
132 133
133 134
133 135
135 136
129 137
137 138
138 139
139 140
138 141
137 142
142 143
143 144
144 145
145 146
144 147
147 148
143 149
142 150
150 151
151 152
151 153
150 154
154 155
155 156
154 157
150 158
158 159
150 160
160 161
161 162
162 163
161 164
164 165
165 166
166 167
165 168
168 169
137 170
170 171
171 172
172 173
171 174
174 175
1 176
176 177
177 178
178 179
179 180
177 181
181 182
182 183
