1 2
2 3
1 4
4 5
1 6
6 7
1 8
8 9
8 10
10 11
11 12
12 13
11 14
14 15
15 16
16 17
15 18
18 19
11 20
20 21
21 22
22 23
21 24
24 25
25 26
25 27
27 28
21 29
29 30
30 31
31 32
32 33
31 34
30 35
35 36
36 37
35 38
38 39
29 40
40 41
41 42
42 43
43 44
42 45
45 46
41 47
40 48
48 49
49 50
49 51
48 52
52 53
53 54
52 55
48 56
56 57
48 58
58 59
59 60
60 61
59 62
62 63
63 64
64 65
63 66
66 67
29 68
68 69
69 70
70 71
69 72
72 73
1 74
74 75
75 76
76 77
75 78
78 79
78 80
80 81
75 82
82 83
82 84
84 85
85 86
75 87
87 88
87 89
75 90
90 91
91 92
90 93
93 94
1 95
95 96
95 97
97 98
98 99
99 100
98 101
101 102
102 103
103 104
102 105
105 106
106 107
106 108
108 109
102 110
110 111
111 112
112 113
113 114
112 115
111 116
116 117
117 118
116 119
119 120
110 121
121 122
122 123
123 124
124 125
123 126
126 127
122 128
121 129
129 130
130 131
130 132
129 133
133 134
134 135
133 136
129 137
137 138
129 139
139 140
140 141
141 142
140 143
143 144
144 145
145 146
144 147
147 148
110 149
149 150
150 151
151 152
150 153
153 154
1 155
155 156
156 157
157 158
156 159
159 160
159 161
161 162
156 163
163 164
163 165
165 166
166 167
156 168
168 169
168 170
156 171
171 172
172 173
171 174
174 175
1 176
176 177
176 178
178 179
179 180
180 181
179 182
182 183
183 184
184 185
183 186
186 187
187 188
187 189
189 190
183 191
191 192
192 193
193 194
192 195
191 196
196 197
197 198
198 199
199 200
198 201
201 202
197 203
196 204
204 205
205 206
205 207
204 208
208 209
209 210
208 211
204 212
212 213
204 214
214 215
215 216
216 217
215 218
218 219
219 220
220 221
219 222
222 223
191 224
224 225
225 226
226 227
225 228
228 229
1 230
230 231
231 232
232 233
231 234
234 235
234 236
236 237
231 238
238 239
238 240
231 241
241 242
241 243
231 244
244 245
245 246
244 247
247 248
1 249
249 250
250 251
251 252
252 253
250 254
254 255
255 256
250 257
257 258
258 259
