1 2
2 3
3 4
4 5
3 6
6 7
6 8
8 9
3 10
10 11
10 12
3 13
13 14
14 15
15 16
16 17
13 18
18 19
19 20
20 21
13 22
22 23
23 24
22 25
25 26
26 27
26 28
28 29
22 30
30 31
31 32
32 33
31 34
30 35
35 36
36 37
37 38
38 39
37 40
40 41
36 42
35 43
43 44
44 45
44 46
43 47
47 48
48 49
47 50
43 51
51 52
43 53
53 54
54 55
55 56
54 57
57 58
58 59
59 60
58 61
61 62
30 63
63 64
64 65
65 66
64 67
67 68
1 69
69 70
70 71
71 72
70 73
73 74
73 75
75 76
70 77
77 78
77 79
79 80
80 81
70 82
82 83
83 84
84 85
85 86
82 87
87 88
88 89
89 90
82 91
91 92
92 93
91 94
94 95
95 96
95 97
97 98
91 99
99 100
100 101
101 102
102 103
101 104
100 105
105 106
106 107
105 108
108 109
99 110
110 111
111 112
112 113
113 114
112 115
115 116
111 117
110 118
118 119
119 120
119 121
118 122
122 123
123 124
122 125
118 126
126 127
118 128
128 129
129 130
130 131
129 132
132 133
133 134
134 135
133 136
136 137
99 138
138 139
139 140
140 141
139 142
142 143
1 144
144 145
145 146
146 147
147 148
145 149
149 150
150 151
