1 2
2 3
3 4
4 5
3 6
6 7
6 8
8 9
3 10
10 11
10 12
12 13
13 14
13 15
15 16
15 17
17 18
18 19
12 20
12 21
21 22
22 23
23 24
22 25
25 26
12 27
3 28
28 29
28 30
30 31
31 32
31 33
33 34
34 35
33 36
36 37
30 38
30 39
39 40
40 41
41 42
40 43
43 44
44 45
44 46
46 47
40 48
48 49
49 50
50 51
51 52
50 53
49 54
54 55
55 56
54 57
57 58
48 59
59 60
60 61
61 62
62 63
61 64
64 65
60 66
59 67
67 68
68 69
68 70
67 71
71 72
72 73
71 74
67 75
75 76
67 77
77 78
78 79
79 80
78 81
81 82
82 83
83 84
82 85
85 86
48 87
87 88
88 89
89 90
88 91
91 92
30 93
1 94
94 95
95 96
96 97
95 98
98 99
98 100
100 101
95 102
102 103
102 104
104 105
105 106
105 107
107 108
107 109
109 110
110 111
104 112
104 113
113 114
114 115
115 116
114 117
117 118
104 119
95 120
120 121
120 122
122 123
123 124
123 125
125 126
126 127
125 128
128 129
129 130
129 131
131 132
125 133
133 134
134 135
135 136
136 137
135 138
134 139
139 140
140 141
139 142
142 143
133 144
144 145
145 146
146 147
147 148
146 149
149 150
145 151
144 152
152 153
153 154
153 155
152 156
156 157
157 158
156 159
152 160
160 161
152 162
162 163
163 164
164 165
163 166
166 167
167 168
168 169
167 170
170 171
133 172
172 173
173 174
174 175
173 176
176 177
122 178
122 179
179 180
180 181
181 182
180 183
183 184
122 185
1 186
186 187
187 188
188 189
187 190
190 191
190 192
192 193
187 194
194 195
194 196
196 197
197 198
197 199
199 200
200 201
199 202
202 203
196 204
196 205
205 206
206 207
206 208
196 209
187 210
210 211
210 212
212 213
213 214
213 215
215 216
216 217
215 218
218 219
219 220
219 221
221 222
215 223
223 224
224 225
225 226
224 227
223 228
228 229
229 230
230 231
231 232
230 233
233 234
229 235
228 236
236 237
237 238
237 239
236 240
240 241
241 242
240 243
236 244
244 245
236 246
246 247
247 248
248 249
247 250
250 251
251 252
252 253
251 254
254 255
223 256
256 257
257 258
258 259
257 260
260 261
212 262
212 263
263 264
264 265
265 266
264 267
267 268
212 269
1 270
270 271
271 272
272 273
271 274
274 275
274 276
276 277
271 278
278 279
278 280
280 281
281 282
281 283
283 284
283 285
280 286
280 287
287 288
288 289
289 290
288 291
291 292
280 293
271 294
294 295
294 296
296 297
297 298
297 299
299 300
300 301
299 302
302 303
303 304
303 305
305 306
299 307
307 308
308 309
309 310
308 311
307 312
312 313
313 314
314 315
315 316
314 317
317 318
313 319
312 320
320 321
321 322
321 323
320 324
324 325
325 326
324 327
320 328
328 329
320 330
330 331
331 332
332 333
331 334
334 335
335 336
336 337
335 338
338 339
307 340
340 341
341 342
342 343
341 344
344 345
296 346
296 347
347 348
348 349
349 350
348 351
351 352
296 353
1 354
354 355
355 356
356 357
357 358
355 359
359 360
360 361
355 362
362 363
363 364
355 365
365 366
366 367
