1 2
2 3
2 4
4 5
5 6
5 7
4 8
8 9
9 10
1 11
11 12
12 13
13 14
12 15
15 16
15 17
17 18
12 19
19 20
19 21
21 22
22 23
21 24
24 25
12 26
26 27
27 28
26 29
29 30
30 31
30 32
32 33
26 34
34 35
35 36
36 37
35 38
34 39
39 40
40 41
41 42
42 43
41 44
44 45
40 46
39 47
47 48
48 49
48 50
47 51
51 52
52 53
51 54
47 55
55 56
47 57
57 58
58 59
59 60
58 61
61 62
62 63
63 64
62 65
65 66
34 67
67 68
68 69
69 70
68 71
71 72
1 73
73 74
73 75
75 76
76 77
76 78
78 79
79 80
75 81
81 82
82 83
1 84
84 85
85 86
86 87
85 88
88 89
88 90
90 91
85 92
92 93
92 94
94 95
95 96
94 97
97 98
85 99
99 100
100 101
99 102
102 103
103 104
103 105
105 106
99 107
107 108
108 109
109 110
110 111
109 112
108 113
113 114
114 115
113 116
116 117
107 118
118 119
119 120
120 121
121 122
120 123
123 124
119 125
118 126
126 127
127 128
127 129
126 130
130 131
131 132
130 133
126 134
134 135
126 136
136 137
137 138
138 139
137 140
140 141
141 142
142 143
141 144
144 145
107 146
146 147
147 148
148 149
147 150
150 151
1 152
152 153
153 154
154 155
155 156
153 157
157 158
158 159
