1 2
2 3
3 4
3 5
5 6
6 7
6 8
2 9
9 10
10 11
11 12
10 13
13 14
13 15
15 16
10 17
17 18
18 19
17 20
10 21
21 22
22 23
21 24
24 25
25 26
25 27
27 28
21 29
29 30
30 31
31 32
30 33
29 34
34 35
35 36
36 37
37 38
36 39
39 40
35 41
34 42
42 43
43 44
43 45
42 46
46 47
47 48
46 49
42 50
50 51
42 52
29 53
2 54
54 55
54 56
2 57
57 58
58 59
59 60
58 61
61 62
61 63
63 64
58 65
65 66
66 67
65 68
58 69
69 70
70 71
69 72
72 73
73 74
73 75
75 76
69 77
77 78
78 79
79 80
80 81
79 82
78 83
83 84
84 85
83 86
86 87
77 88
88 89
89 90
90 91
91 92
90 93
93 94
89 95
88 96
96 97
97 98
97 99
96 100
100 101
101 102
100 103
96 104
104 105
96 106
77 107
2 108
108 109
109 110
110 111
111 112
109 113
113 114
114 115
