1 2
2 3
2 4
4 5
5 6
6 7
5 8
8 9
9 10
9 11
11 12
5 13
13 14
14 15
15 16
14 17
13 18
18 19
19 20
20 21
21 22
20 23
23 24
19 25
18 26
26 27
27 28
27 29
26 30
30 31
31 32
30 33
26 34
34 35
26 36
36 37
37 38
38 39
37 40
40 41
41 42
42 43
41 44
44 45
13 46
46 47
47 48
48 49
47 50
50 51
1 52
52 53
53 54
54 55
53 56
56 57
56 58
58 59
53 60
60 61
60 62
53 63
63 64
64 65
63 66
66 67
1 68
68 69
68 70
70 71
71 72
72 73
71 74
74 75
75 76
75 77
77 78
71 79
79 80
80 81
81 82
82 83
81 84
80 85
85 86
86 87
85 88
88 89
79 90
90 91
91 92
92 93
93 94
92 95
95 96
91 97
90 98
98 99
99 100
99 101
98 102
102 103
103 104
102 105
98 106
106 107
98 108
108 109
109 110
110 111
109 112
112 113
113 114
114 115
113 116
116 117
79 118
118 119
119 120
120 121
119 122
122 123
1 124
124 125
125 126
126 127
125 128
128 129
128 130
130 131
125 132
132 133
132 134
134 135
135 136
125 137
137 138
138 139
137 140
140 141
1 142
142 143
143 144
144 145
145 146
143 147
147 148
148 149
