1 2
2 3
3 4
4 5
3 6
6 7
6 8
8 9
9 10
9 11
11 12
12 13
11 14
14 15
8 16
8 17
17 18
18 19
18 20
20 21
21 22
22 23
21 24
24 25
25 26
24 27
8 28
3 29
29 30
30 31
31 32
31 33
33 34
29 35
35 36
36 37
35 38
38 39
39 40
40 41
39 42
1 43
43 44
44 45
45 46
44 47
47 48
47 49
49 50
50 51
50 52
52 53
52 54
54 55
55 56
56 57
55 58
58 59
59 60
58 61
49 62
49 63
63 64
64 65
65 66
64 67
67 68
49 69
44 70
70 71
71 72
72 73
72 74
74 75
70 76
76 77
77 78
76 79
79 80
80 81
81 82
80 83
1 84
84 85
85 86
86 87
87 88
85 89
89 90
90 91
