1 2
2 3
3 4
4 5
3 6
6 7
7 8
7 9
6 10
10 11
11 12
12 13
11 14
14 15
6 16
16 17
17 18
17 19
19 20
20 21
21 22
20 23
23 24
24 25
23 26
3 27
27 28
28 29
29 30
29 31
31 32
27 33
33 34
34 35
33 36
36 37
37 38
33 39
39 40
40 41
33 42
42 43
43 44
42 45
27 46
46 47
47 48
46 49
49 50
50 51
51 52
50 53
1 54
54 55
55 56
56 57
55 58
58 59
59 60
59 61
58 62
62 63
63 64
63 65
65 66
66 67
67 68
66 69
69 70
70 71
69 72
55 73
73 74
74 75
75 76
75 77
77 78
73 79
79 80
80 81
79 82
82 83
83 84
79 85
85 86
86 87
79 88
88 89
89 90
88 91
73 92
92 93
93 94
92 95
95 96
96 97
97 98
96 99
1 100
100 101
101 102
102 103
103 104
101 105
105 106
106 107
