1 2
2 3
3 4
4 5
3 6
6 7
6 8
8 9
9 10
10 11
9 12
12 13
6 14
14 15
15 16
15 17
17 18
18 19
19 20
18 21
21 22
22 23
21 24
3 25
25 26
26 27
27 28
27 29
29 30
25 31
31 32
32 33
31 34
34 35
35 36
31 37
37 38
38 39
31 40
40 41
41 42
40 43
25 44
44 45
45 46
44 47
47 48
48 49
49 50
48 51
1 52
52 53
53 54
54 55
53 56
56 57
56 58
58 59
59 60
59 61
61 62
62 63
63 64
62 65
65 66
66 67
65 68
53 69
69 70
70 71
71 72
71 73
73 74
69 75
75 76
76 77
75 78
78 79
79 80
75 81
81 82
82 83
75 84
84 85
85 86
84 87
69 88
88 89
89 90
88 91
91 92
92 93
93 94
92 95
1 96
96 97
97 98
98 99
99 100
97 101
101 102
102 103
