1 2
2 3
3 4
4 5
1 6
6 7
7 8
8 9
1 10
10 11
11 12
12 13
11 14
14 15
15 16
16 17
17 18
18 19
17 20
20 21
21 22
20 23
11 24
24 25
25 26
26 27
27 28
28 29
27 30
30 31
31 32
30 33
11 34
34 35
35 36
36 37
34 38
38 39
39 40
40 41
39 42
42 43
34 44
44 45
45 46
45 47
47 48
11 49
49 50
50 51
51 52
51 53
53 54
49 55
55 56
56 57
57 58
56 59
59 60
60 61
61 62
60 63
1 64
64 65
65 66
66 67
65 68
68 69
69 70
70 71
71 72
72 73
71 74
74 75
75 76
74 77
65 78
78 79
79 80
80 81
81 82
82 83
81 84
84 85
85 86
84 87
65 88
88 89
89 90
90 91
88 92
92 93
93 94
93 95
95 96
65 97
97 98
98 99
99 100
99 101
101 102
97 103
103 104
104 105
105 106
104 107
107 108
108 109
109 110
108 111
1 112
112 113
113 114
114 115
115 116
113 117
117 118
118 119
