1 2
2 3
1 4
4 5
1 6
6 7
7 8
8 9
7 10
10 11
11 12
12 13
13 14
14 15
13 16
16 17
17 18
16 19
7 20
20 21
21 22
22 23
23 24
24 25
23 26
26 27
27 28
26 29
7 30
30 31
31 32
30 33
33 34
34 35
35 36
34 37
37 38
30 39
39 40
40 41
40 42
42 43
7 44
44 45
45 46
46 47
46 48
48 49
44 50
50 51
51 52
52 53
51 54
54 55
55 56
56 57
55 58
1 59
59 60
60 61
61 62
60 63
63 64
64 65
65 66
66 67
67 68
66 69
69 70
70 71
69 72
60 73
73 74
74 75
75 76
76 77
77 78
76 79
79 80
80 81
79 82
60 83
83 84
84 85
83 86
86 87
87 88
87 89
89 90
60 91
91 92
92 93
93 94
93 95
95 96
91 97
97 98
98 99
99 100
98 101
101 102
102 103
103 104
102 105
1 106
106 107
107 108
108 109
109 110
107 111
111 112
112 113
