1 2
2 3
1 4
4 5
5 6
6 7
5 8
8 9
9 10
10 11
11 12
12 13
11 14
14 15
15 16
14 17
5 18
18 19
19 20
20 21
21 22
22 23
21 24
24 25
25 26
24 27
5 28
28 29
29 30
30 31
29 32
28 33
33 34
34 35
35 36
34 37
37 38
28 39
39 40
40 41
40 42
42 43
5 44
44 45
45 46
46 47
46 48
48 49
44 50
50 51
51 52
52 53
51 54
54 55
55 56
56 57
55 58
1 59
59 60
60 61
61 62
60 63
63 64
64 65
65 66
66 67
67 68
66 69
69 70
70 71
69 72
60 73
73 74
74 75
75 76
76 77
77 78
76 79
79 80
80 81
79 82
60 83
83 84
84 85
85 86
84 87
83 88
88 89
89 90
89 91
91 92
60 93
93 94
94 95
95 96
95 97
97 98
93 99
99 100
100 101
101 102
100 103
103 104
104 105
105 106
104 107
1 108
108 109
109 110
110 111
111 112
109 113
113 114
114 115
