1 2
2 3
3 4
4 5
3 6
6 7
7 8
8 9
9 10
10 11
9 12
12 13
13 14
12 15
3 16
16 17
17 18
18 19
19 20
20 21
19 22
22 23
23 24
22 25
3 26
26 27
26 28
28 29
29 30
30 31
29 32
32 33
26 34
34 35
35 36
35 37
37 38
3 39
39 40
40 41
41 42
41 43
43 44
39 45
45 46
46 47
47 48
46 49
49 50
50 51
51 52
50 53
1 54
54 55
55 56
56 57
55 58
58 59
59 60
60 61
61 62
62 63
61 64
64 65
65 66
64 67
55 68
68 69
69 70
70 71
71 72
72 73
71 74
74 75
75 76
74 77
55 78
78 79
78 80
80 81
81 82
81 83
83 84
55 85
85 86
86 87
87 88
87 89
89 90
85 91
91 92
92 93
93 94
92 95
95 96
96 97
97 98
96 99
1 100
100 101
101 102
102 103
103 104
101 105
105 106
106 107
