1 2
2 3
3 4
4 5
3 6
6 7
7 8
8 9
9 10
10 11
9 12
12 13
13 14
12 15
3 16
16 17
17 18
18 19
19 20
20 21
19 22
22 23
23 24
22 25
3 26
26 27
27 28
28 29
26 30
30 31
31 32
32 33
31 34
34 35
26 36
36 37
37 38
37 39
39 40
3 41
41 42
42 43
43 44
43 45
45 46
41 47
47 48
48 49
49 50
48 51
51 52
52 53
53 54
52 55
1 56
56 57
57 58
58 59
57 60
60 61
61 62
62 63
63 64
64 65
63 66
66 67
67 68
66 69
57 70
70 71
71 72
72 73
73 74
74 75
73 76
76 77
77 78
76 79
57 80
80 81
81 82
82 83
80 84
84 85
85 86
85 87
87 88
57 89
89 90
90 91
91 92
91 93
93 94
89 95
95 96
96 97
97 98
96 99
99 100
100 101
101 102
100 103
1 104
104 105
105 106
106 107
107 108
105 109
109 110
110 111
