1 2
2 3
3 4
4 5
3 6
6 7
7 8
8 9
9 10
10 11
9 12
12 13
13 14
12 15
3 16
16 17
17 18
18 19
19 20
20 21
19 22
22 23
23 24
22 25
3 26
26 27
26 28
28 29
29 30
29 31
31 32
32 33
31 34
34 35
28 36
28 37
37 38
38 39
38 40
40 41
28 42
3 43
43 44
44 45
45 46
45 47
47 48
43 49
49 50
50 51
51 52
50 53
53 54
54 55
55 56
54 57
1 58
58 59
59 60
60 61
59 62
62 63
63 64
64 65
65 66
66 67
65 68
68 69
69 70
68 71
59 72
72 73
73 74
74 75
75 76
76 77
75 78
78 79
79 80
78 81
59 82
82 83
82 84
84 85
85 86
85 87
87 88
87 89
89 90
84 91
84 92
92 93
93 94
94 95
93 96
96 97
84 98
59 99
99 100
100 101
101 102
101 103
103 104
99 105
105 106
106 107
107 108
106 109
109 110
110 111
111 112
110 113
1 114
114 115
115 116
116 117
117 118
115 119
119 120
120 121
