1 2
2 3
3 4
4 5
3 6
6 7
7 8
8 9
9 10
10 11
9 12
12 13
13 14
12 15
3 16
16 17
17 18
18 19
19 20
20 21
19 22
22 23
23 24
22 25
3 26
26 27
27 28
27 29
26 30
30 31
31 32
32 33
31 34
34 35
26 36
36 37
37 38
37 39
39 40
3 41
41 42
42 43
43 44
43 45
45 46
41 47
47 48
48 49
47 50
50 51
51 52
47 53
53 54
54 55
47 56
56 57
57 58
56 59
41 60
60 61
61 62
60 63
63 64
64 65
65 66
64 67
1 68
68 69
69 70
70 71
69 72
72 73
73 74
74 75
75 76
76 77
75 78
78 79
79 80
78 81
69 82
82 83
83 84
84 85
85 86
86 87
85 88
88 89
89 90
88 91
69 92
92 93
93 94
93 95
92 96
96 97
97 98
97 99
99 100
69 101
101 102
102 103
103 104
103 105
105 106
101 107
107 108
108 109
107 110
110 111
111 112
107 113
113 114
114 115
107 116
116 117
117 118
116 119
101 120
120 121
121 122
120 123
123 124
124 125
125 126
124 127
1 128
128 129
129 130
130 131
131 132
129 133
133 134
134 135
