1 2
2 3
1 4
4 5
1 6
6 7
7 8
8 9
7 10
10 11
11 12
12 13
13 14
14 15
13 16
16 17
17 18
16 19
7 20
20 21
21 22
22 23
23 24
24 25
23 26
26 27
27 28
26 29
7 30
30 31
31 32
30 33
33 34
34 35
35 36
34 37
37 38
30 39
39 40
40 41
40 42
42 43
7 44
44 45
45 46
46 47
46 48
48 49
44 50
50 51
51 52
50 53
53 54
54 55
50 56
56 57
57 58
50 59
59 60
60 61
59 62
44 63
63 64
64 65
63 66
66 67
67 68
68 69
67 70
1 71
71 72
72 73
73 74
72 75
75 76
76 77
77 78
78 79
79 80
78 81
81 82
82 83
81 84
72 85
85 86
86 87
87 88
88 89
89 90
88 91
91 92
92 93
91 94
72 95
95 96
96 97
95 98
98 99
99 100
99 101
101 102
72 103
103 104
104 105
105 106
105 107
107 108
103 109
109 110
110 111
109 112
112 113
113 114
109 115
115 116
116 117
109 118
118 119
119 120
118 121
103 122
122 123
123 124
122 125
125 126
126 127
127 128
126 129
1 130
130 131
131 132
132 133
133 134
131 135
135 136
136 137
