1 2
2 3
3 4
4 5
3 6
6 7
7 8
8 9
9 10
10 11
9 12
12 13
13 14
12 15
3 16
16 17
17 18
18 19
19 20
20 21
19 22
22 23
23 24
22 25
3 26
26 27
26 28
28 29
29 30
29 31
31 32
32 33
31 34
34 35
28 36
28 37
37 38
38 39
38 40
40 41
28 42
3 43
43 44
44 45
45 46
45 47
47 48
43 49
49 50
50 51
49 52
52 53
53 54
49 55
55 56
56 57
49 58
58 59
59 60
58 61
43 62
62 63
63 64
62 65
65 66
66 67
67 68
66 69
1 70
70 71
71 72
72 73
71 74
74 75
75 76
76 77
77 78
78 79
77 80
80 81
81 82
80 83
71 84
84 85
85 86
86 87
87 88
88 89
87 90
90 91
91 92
90 93
71 94
94 95
94 96
96 97
97 98
97 99
99 100
99 101
101 102
96 103
96 104
104 105
105 106
106 107
105 108
108 109
96 110
71 111
111 112
112 113
113 114
113 115
115 116
111 117
117 118
118 119
117 120
120 121
121 122
117 123
123 124
124 125
117 126
126 127
127 128
126 129
111 130
130 131
131 132
130 133
133 134
134 135
135 136
134 137
1 138
138 139
139 140
140 141
141 142
139 143
143 144
144 145
