1 2
2 3
3 4
4 5
1 6
6 7
7 8
8 9
1 10
10 11
11 12
12 13
11 14
14 15
15 16
16 17
17 18
18 19
17 20
20 21
21 22
20 23
11 24
24 25
25 26
26 27
27 28
28 29
27 30
30 31
31 32
30 33
11 34
34 35
35 36
36 37
34 38
38 39
39 40
40 41
39 42
42 43
34 44
44 45
45 46
45 47
47 48
11 49
49 50
50 51
51 52
51 53
53 54
49 55
55 56
56 57
55 58
58 59
59 60
55 61
61 62
62 63
55 64
64 65
65 66
64 67
49 68
68 69
69 70
68 71
71 72
72 73
73 74
72 75
1 76
76 77
77 78
78 79
77 80
80 81
81 82
82 83
83 84
84 85
83 86
86 87
87 88
86 89
77 90
90 91
91 92
92 93
93 94
94 95
93 96
96 97
97 98
96 99
77 100
100 101
101 102
102 103
100 104
104 105
105 106
105 107
107 108
77 109
109 110
110 111
111 112
111 113
113 114
109 115
115 116
116 117
115 118
118 119
119 120
115 121
121 122
122 123
115 124
124 125
125 126
124 127
109 128
128 129
129 130
128 131
131 132
132 133
133 134
132 135
1 136
136 137
137 138
138 139
139 140
137 141
141 142
142 143
