1 2
2 3
1 4
4 5
5 6
6 7
5 8
8 9
9 10
10 11
11 12
12 13
11 14
14 15
15 16
14 17
5 18
18 19
19 20
20 21
21 22
22 23
21 24
24 25
25 26
24 27
5 28
28 29
29 30
30 31
29 32
28 33
33 34
34 35
35 36
34 37
37 38
28 39
39 40
40 41
40 42
42 43
5 44
44 45
45 46
46 47
46 48
48 49
44 50
50 51
51 52
50 53
53 54
54 55
50 56
56 57
57 58
50 59
59 60
60 61
59 62
44 63
63 64
64 65
63 66
66 67
67 68
68 69
67 70
1 71
71 72
72 73
73 74
72 75
75 76
76 77
77 78
78 79
79 80
78 81
81 82
82 83
81 84
72 85
85 86
86 87
87 88
88 89
89 90
88 91
91 92
92 93
91 94
72 95
95 96
96 97
97 98
96 99
95 100
100 101
101 102
101 103
103 104
72 105
105 106
106 107
107 108
107 109
109 110
105 111
111 112
112 113
111 114
114 115
115 116
111 117
117 118
118 119
111 120
120 121
121 122
120 123
105 124
124 125
125 126
124 127
127 128
128 129
129 130
128 131
1 132
132 133
133 134
134 135
135 136
133 137
137 138
138 139
