1 2
2 3
3 4
4 5
3 6
6 7
7 8
8 9
9 10
10 11
9 12
12 13
13 14
12 15
3 16
16 17
17 18
18 19
19 20
20 21
19 22
22 23
23 24
22 25
3 26
26 27
26 28
28 29
29 30
30 31
29 32
32 33
26 34
34 35
35 36
35 37
37 38
3 39
39 40
40 41
41 42
41 43
43 44
39 45
45 46
46 47
45 48
48 49
49 50
45 51
51 52
52 53
45 54
54 55
55 56
54 57
39 58
58 59
59 60
58 61
61 62
62 63
63 64
62 65
1 66
66 67
67 68
68 69
67 70
70 71
71 72
72 73
73 74
74 75
73 76
76 77
77 78
76 79
67 80
80 81
81 82
82 83
83 84
84 85
83 86
86 87
87 88
86 89
67 90
90 91
90 92
92 93
93 94
93 95
95 96
67 97
97 98
98 99
99 100
99 101
101 102
97 103
103 104
104 105
103 106
106 107
107 108
103 109
109 110
110 111
103 112
112 113
113 114
112 115
97 116
116 117
117 118
116 119
119 120
120 121
121 122
120 123
1 124
124 125
125 126
126 127
127 128
125 129
129 130
130 131
