1 2
2 3
3 4
4 5
1 6
6 7
7 8
8 9
1 10
10 11
11 12
12 13
11 14
14 15
15 16
11 17
17 18
18 19
11 20
20 21
21 22
22 23
20 24
24 25
25 26
26 27
25 28
28 29
20 30
30 31
31 32
31 33
33 34
11 35
35 36
36 37
37 38
37 39
39 40
35 41
41 42
42 43
43 44
42 45
45 46
46 47
47 48
46 49
1 50
50 51
51 52
52 53
51 54
54 55
55 56
51 57
57 58
58 59
51 60
60 61
61 62
62 63
60 64
64 65
65 66
65 67
67 68
51 69
69 70
70 71
71 72
71 73
73 74
69 75
75 76
76 77
77 78
76 79
79 80
80 81
81 82
80 83
1 84
84 85
85 86
86 87
87 88
85 89
89 90
90 91
