1 2
2 3
3 4
4 5
3 6
6 7
7 8
3 9
9 10
10 11
3 12
12 13
12 14
14 15
15 16
15 17
17 18
18 19
17 20
20 21
14 22
14 23
23 24
24 25
24 26
26 27
14 28
3 29
29 30
30 31
31 32
31 33
33 34
29 35
35 36
36 37
37 38
36 39
39 40
40 41
41 42
40 43
1 44
44 45
45 46
46 47
45 48
48 49
49 50
45 51
51 52
52 53
45 54
54 55
54 56
56 57
57 58
57 59
59 60
59 61
61 62
56 63
56 64
64 65
65 66
66 67
65 68
68 69
56 70
45 71
71 72
72 73
73 74
73 75
75 76
71 77
77 78
78 79
79 80
78 81
81 82
82 83
83 84
82 85
1 86
86 87
87 88
88 89
89 90
87 91
91 92
92 93
