1 2
2 3
1 4
4 5
1 6
6 7
7 8
8 9
7 10
10 11
11 12
7 13
13 14
14 15
7 16
16 17
17 18
16 19
19 20
20 21
21 22
20 23
23 24
16 25
25 26
26 27
26 28
28 29
7 30
30 31
31 32
32 33
32 34
34 35
30 36
36 37
37 38
36 39
39 40
40 41
36 42
42 43
43 44
36 45
45 46
46 47
45 48
30 49
49 50
50 51
49 52
52 53
53 54
54 55
53 56
1 57
57 58
58 59
59 60
58 61
61 62
62 63
58 64
64 65
65 66
58 67
67 68
68 69
67 70
70 71
71 72
71 73
73 74
58 75
75 76
76 77
77 78
77 79
79 80
75 81
81 82
82 83
81 84
84 85
85 86
81 87
87 88
88 89
81 90
90 91
91 92
90 93
75 94
94 95
95 96
94 97
97 98
98 99
99 100
98 101
1 102
102 103
103 104
104 105
105 106
103 107
107 108
108 109
