1 2
2 3
3 4
4 5
1 6
6 7
7 8
8 9
1 10
10 11
11 12
12 13
11 14
14 15
15 16
11 17
17 18
18 19
11 20
20 21
21 22
22 23
20 24
24 25
25 26
26 27
25 28
28 29
20 30
30 31
31 32
31 33
33 34
11 35
35 36
36 37
37 38
37 39
39 40
35 41
41 42
42 43
41 44
44 45
45 46
41 47
47 48
48 49
41 50
50 51
51 52
50 53
35 54
54 55
55 56
54 57
57 58
58 59
59 60
58 61
1 62
62 63
63 64
64 65
63 66
66 67
67 68
63 69
69 70
70 71
63 72
72 73
73 74
74 75
72 76
76 77
77 78
77 79
79 80
63 81
81 82
82 83
83 84
83 85
85 86
81 87
87 88
88 89
87 90
90 91
91 92
87 93
93 94
94 95
87 96
96 97
97 98
96 99
81 100
100 101
101 102
100 103
103 104
104 105
105 106
104 107
1 108
108 109
109 110
110 111
111 112
109 113
113 114
114 115
