1 2
2 3
3 4
4 5
3 6
6 7
7 8
3 9
9 10
10 11
3 12
12 13
12 14
14 15
15 16
16 17
15 18
18 19
12 20
20 21
21 22
21 23
23 24
3 25
25 26
26 27
27 28
27 29
29 30
25 31
31 32
32 33
31 34
34 35
35 36
31 37
37 38
38 39
31 40
40 41
41 42
40 43
25 44
44 45
45 46
44 47
47 48
48 49
49 50
48 51
1 52
52 53
53 54
54 55
53 56
56 57
57 58
53 59
59 60
60 61
53 62
62 63
62 64
64 65
65 66
65 67
67 68
53 69
69 70
70 71
71 72
71 73
73 74
69 75
75 76
76 77
75 78
78 79
79 80
75 81
81 82
82 83
75 84
84 85
85 86
84 87
69 88
88 89
89 90
88 91
91 92
92 93
93 94
92 95
1 96
96 97
97 98
98 99
99 100
97 101
101 102
102 103
