1 2
2 3
3 4
4 5
3 6
6 7
7 8
3 9
9 10
10 11
3 12
12 13
12 14
14 15
15 16
15 17
17 18
18 19
17 20
20 21
14 22
14 23
23 24
24 25
24 26
26 27
14 28
3 29
29 30
30 31
31 32
31 33
33 34
29 35
35 36
36 37
35 38
38 39
39 40
35 41
41 42
42 43
35 44
44 45
45 46
44 47
29 48
48 49
49 50
48 51
51 52
52 53
53 54
52 55
1 56
56 57
57 58
58 59
57 60
60 61
61 62
57 63
63 64
64 65
57 66
66 67
66 68
68 69
69 70
69 71
71 72
71 73
73 74
68 75
68 76
76 77
77 78
78 79
77 80
80 81
68 82
57 83
83 84
84 85
85 86
85 87
87 88
83 89
89 90
90 91
89 92
92 93
93 94
89 95
95 96
96 97
89 98
98 99
99 100
98 101
83 102
102 103
103 104
102 105
105 106
106 107
107 108
106 109
1 110
110 111
111 112
112 113
113 114
111 115
115 116
116 117
