1 2
2 3
1 4
4 5
5 6
6 7
5 8
8 9
9 10
5 11
11 12
12 13
5 14
14 15
15 16
16 17
15 18
14 19
19 20
20 21
21 22
20 23
23 24
14 25
25 26
26 27
26 28
28 29
5 30
30 31
31 32
32 33
32 34
34 35
30 36
36 37
37 38
36 39
39 40
40 41
36 42
42 43
43 44
36 45
45 46
46 47
45 48
30 49
49 50
50 51
49 52
52 53
53 54
54 55
53 56
1 57
57 58
58 59
59 60
58 61
61 62
62 63
58 64
64 65
65 66
58 67
67 68
68 69
69 70
68 71
67 72
72 73
73 74
73 75
75 76
58 77
77 78
78 79
79 80
79 81
81 82
77 83
83 84
84 85
83 86
86 87
87 88
83 89
89 90
90 91
83 92
92 93
93 94
92 95
77 96
96 97
97 98
96 99
99 100
100 101
101 102
100 103
1 104
104 105
105 106
106 107
107 108
105 109
109 110
110 111
