1 2
2 3
3 4
4 5
5 6
4 7
7 8
4 9
9 10
4 11
11 12
12 13
12 14
11 15
15 16
16 17
16 18
18 19
4 20
20 21
21 22
21 23
20 24
20 25
25 26
26 27
27 28
2 29
29 30
30 31
31 32
30 33
33 34
30 35
35 36
30 37
37 38
38 39
38 40
37 41
41 42
42 43
42 44
44 45
30 46
46 47
47 48
47 49
46 50
50 51
51 52
52 53
2 54
54 55
55 56
56 57
55 58
58 59
55 60
60 61
55 62
62 63
63 64
63 65
62 66
62 67
67 68
68 69
68 70
70 71
55 72
72 73
73 74
73 75
72 76
76 77
77 78
78 79
2 80
80 81
81 82
82 83
81 84
84 85
81 86
86 87
81 88
88 89
89 90
89 91
88 92
92 93
93 94
93 95
95 96
81 97
97 98
98 99
98 100
97 101
101 102
102 103
103 104
2 105
105 106
106 107
107 108
108 109
106 110
110 111
111 112
106 113
113 114
114 115
106 116
116 117
117 118
