1 2
2 3
3 4
4 5
5 6
4 7
7 8
4 9
9 10
4 11
11 12
12 13
11 14
14 15
15 16
15 17
17 18
4 19
19 20
20 21
19 22
19 23
23 24
24 25
25 26
2 27
27 28
28 29
29 30
28 31
31 32
28 33
33 34
28 35
35 36
36 37
35 38
38 39
39 40
39 41
41 42
28 43
43 44
44 45
43 46
46 47
47 48
48 49
2 50
50 51
51 52
52 53
51 54
54 55
51 56
56 57
51 58
58 59
59 60
58 61
58 62
62 63
63 64
63 65
65 66
51 67
67 68
68 69
67 70
70 71
71 72
72 73
2 74
74 75
75 76
76 77
75 78
78 79
75 80
80 81
75 82
82 83
83 84
82 85
85 86
86 87
86 88
88 89
75 90
90 91
91 92
90 93
93 94
94 95
95 96
2 97
97 98
98 99
99 100
100 101
98 102
102 103
103 104
98 105
105 106
106 107
98 108
108 109
109 110
