1 2
2 3
1 4
4 5
5 6
6 7
7 8
6 9
9 10
6 11
11 12
6 13
13 14
14 15
15 16
14 17
13 18
18 19
19 20
19 21
21 22
6 23
23 24
24 25
25 26
24 27
23 28
23 29
29 30
30 31
31 32
4 33
33 34
34 35
35 36
34 37
37 38
34 39
39 40
34 41
41 42
42 43
43 44
42 45
41 46
46 47
47 48
47 49
49 50
34 51
51 52
52 53
53 54
52 55
51 56
56 57
57 58
58 59
4 60
60 61
61 62
62 63
61 64
64 65
61 66
66 67
61 68
68 69
69 70
70 71
69 72
68 73
68 74
74 75
75 76
75 77
77 78
61 79
79 80
80 81
81 82
80 83
79 84
84 85
85 86
86 87
4 88
88 89
89 90
90 91
89 92
92 93
89 94
94 95
89 96
96 97
97 98
98 99
97 100
96 101
101 102
102 103
102 104
104 105
89 106
106 107
107 108
108 109
107 110
106 111
111 112
112 113
113 114
4 115
115 116
116 117
117 118
118 119
116 120
120 121
121 122
116 123
123 124
124 125
116 126
126 127
127 128
