1 2
2 3
1 4
4 5
1 6
6 7
7 8
8 9
9 10
8 11
11 12
8 13
13 14
8 15
15 16
16 17
17 18
15 19
19 20
20 21
20 22
22 23
8 24
24 25
25 26
26 27
24 28
24 29
29 30
30 31
31 32
6 33
33 34
34 35
35 36
34 37
37 38
34 39
39 40
34 41
41 42
42 43
43 44
41 45
45 46
46 47
46 48
48 49
34 50
50 51
51 52
52 53
50 54
54 55
55 56
56 57
6 58
58 59
59 60
60 61
59 62
62 63
59 64
64 65
59 66
66 67
67 68
68 69
66 70
66 71
71 72
72 73
72 74
74 75
59 76
76 77
77 78
78 79
76 80
80 81
81 82
82 83
6 84
84 85
85 86
86 87
85 88
88 89
85 90
90 91
85 92
92 93
93 94
94 95
92 96
96 97
97 98
97 99
99 100
85 101
101 102
102 103
103 104
101 105
105 106
106 107
107 108
6 109
109 110
110 111
111 112
112 113
110 114
114 115
115 116
110 117
117 118
118 119
110 120
120 121
121 122
