1 2
2 3
3 4
4 5
1 6
6 7
7 8
8 9
1 10
10 11
11 12
12 13
13 14
12 15
15 16
12 17
17 18
12 19
19 20
20 21
21 22
22 23
19 24
24 25
25 26
25 27
27 28
12 29
29 30
30 31
31 32
32 33
29 34
29 35
35 36
36 37
37 38
10 39
39 40
40 41
41 42
40 43
43 44
40 45
45 46
40 47
47 48
48 49
49 50
50 51
47 52
52 53
53 54
53 55
55 56
40 57
57 58
58 59
59 60
60 61
57 62
62 63
63 64
64 65
10 66
66 67
67 68
68 69
67 70
70 71
67 72
72 73
67 74
74 75
75 76
76 77
77 78
74 79
74 80
80 81
81 82
81 83
83 84
67 85
85 86
86 87
87 88
88 89
85 90
90 91
91 92
92 93
10 94
94 95
95 96
96 97
95 98
98 99
95 100
100 101
95 102
102 103
103 104
104 105
105 106
102 107
107 108
108 109
108 110
110 111
95 112
112 113
113 114
114 115
115 116
112 117
117 118
118 119
119 120
10 121
121 122
122 123
123 124
124 125
122 126
126 127
127 128
122 129
129 130
130 131
122 132
132 133
133 134
