1 2
2 3
3 4
4 5
5 6
4 7
7 8
4 9
9 10
4 11
11 12
11 13
13 14
14 15
14 16
16 17
16 18
18 19
13 20
13 21
21 22
13 23
4 24
24 25
24 26
26 27
27 28
27 29
26 30
26 31
31 32
32 33
33 34
26 35
2 36
36 37
37 38
38 39
37 40
40 41
37 42
42 43
37 44
44 45
44 46
46 47
47 48
47 49
49 50
49 51
51 52
46 53
46 54
54 55
46 56
37 57
57 58
57 59
59 60
60 61
60 62
62 63
63 64
59 65
59 66
66 67
59 68
2 69
69 70
70 71
71 72
70 73
73 74
70 75
75 76
70 77
77 78
77 79
79 80
80 81
80 82
79 83
79 84
84 85
85 86
85 87
87 88
79 89
70 90
90 91
90 92
92 93
93 94
93 95
95 96
96 97
92 98
92 99
99 100
92 101
2 102
102 103
103 104
104 105
103 106
106 107
103 108
108 109
103 110
110 111
110 112
112 113
113 114
113 115
115 116
115 117
117 118
112 119
112 120
120 121
112 122
103 123
123 124
123 125
125 126
126 127
126 128
128 129
129 130
125 131
125 132
132 133
125 134
2 135
135 136
136 137
137 138
138 139
136 140
140 141
141 142
136 143
143 144
144 145
136 146
146 147
147 148
