1 2
2 3
3 4
4 5
5 6
4 7
7 8
4 9
9 10
4 11
11 12
11 13
13 14
14 15
14 16
16 17
4 18
18 19
18 20
18 21
21 22
22 23
23 24
2 25
25 26
26 27
27 28
26 29
29 30
26 31
31 32
26 33
33 34
33 35
35 36
36 37
36 38
38 39
26 40
40 41
40 42
42 43
43 44
44 45
2 46
46 47
47 48
48 49
47 50
50 51
47 52
52 53
47 54
54 55
54 56
54 57
57 58
58 59
58 60
60 61
47 62
62 63
62 64
64 65
65 66
66 67
2 68
68 69
69 70
70 71
69 72
72 73
69 74
74 75
69 76
76 77
76 78
78 79
79 80
79 81
81 82
69 83
83 84
83 85
85 86
86 87
87 88
2 89
89 90
90 91
91 92
92 93
90 94
94 95
95 96
90 97
97 98
98 99
90 100
100 101
101 102
