1 2
2 3
3 4
4 5
5 6
5 7
4 8
8 9
4 10
10 11
4 12
12 13
4 14
14 15
15 16
15 17
14 18
18 19
19 20
18 21
14 22
22 23
14 24
24 25
25 26
25 27
27 28
4 29
29 30
30 31
30 32
29 33
33 34
34 35
33 36
29 37
37 38
29 39
39 40
40 41
41 42
2 43
43 44
44 45
45 46
45 47
44 48
48 49
44 50
50 51
44 52
52 53
44 54
54 55
55 56
55 57
54 58
58 59
59 60
58 61
54 62
62 63
54 64
64 65
65 66
65 67
67 68
44 69
69 70
70 71
70 72
69 73
73 74
74 75
73 76
69 77
77 78
69 79
79 80
80 81
81 82
2 83
83 84
84 85
85 86
86 87
84 88
88 89
89 90
