1 2
2 3
3 4
4 5
5 6
4 7
7 8
4 9
9 10
4 11
11 12
12 13
12 14
11 15
4 16
16 17
17 18
17 19
16 20
16 21
21 22
22 23
23 24
2 25
25 26
26 27
27 28
26 29
29 30
26 31
31 32
26 33
33 34
34 35
34 36
33 37
26 38
38 39
39 40
39 41
38 42
42 43
43 44
44 45
2 46
46 47
47 48
48 49
47 50
50 51
47 52
52 53
47 54
54 55
55 56
55 57
54 58
54 59
47 60
60 61
61 62
61 63
60 64
64 65
65 66
66 67
2 68
68 69
69 70
70 71
69 72
72 73
69 74
74 75
69 76
76 77
77 78
77 79
76 80
69 81
81 82
82 83
82 84
81 85
85 86
86 87
87 88
2 89
89 90
90 91
91 92
92 93
90 94
94 95
95 96
90 97
97 98
98 99
90 100
100 101
101 102
