1 2
2 3
1 4
4 5
5 6
6 7
7 8
6 9
9 10
6 11
11 12
6 13
13 14
14 15
15 16
14 17
13 18
6 19
19 20
20 21
21 22
20 23
19 24
19 25
25 26
26 27
27 28
4 29
29 30
30 31
31 32
30 33
33 34
30 35
35 36
30 37
37 38
38 39
39 40
38 41
37 42
30 43
43 44
44 45
45 46
44 47
43 48
48 49
49 50
50 51
4 52
52 53
53 54
54 55
53 56
56 57
53 58
58 59
53 60
60 61
61 62
62 63
61 64
60 65
60 66
53 67
67 68
68 69
69 70
68 71
67 72
72 73
73 74
74 75
4 76
76 77
77 78
78 79
77 80
80 81
77 82
82 83
77 84
84 85
85 86
86 87
85 88
84 89
77 90
90 91
91 92
92 93
91 94
90 95
95 96
96 97
97 98
4 99
99 100
100 101
101 102
102 103
100 104
104 105
105 106
100 107
107 108
108 109
100 110
110 111
111 112
