1 2
2 3
1 4
4 5
1 6
6 7
7 8
8 9
9 10
8 11
11 12
8 13
13 14
8 15
15 16
16 17
17 18
15 19
8 20
20 21
21 22
22 23
20 24
20 25
25 26
26 27
27 28
6 29
29 30
30 31
31 32
30 33
33 34
30 35
35 36
30 37
37 38
38 39
39 40
37 41
30 42
42 43
43 44
44 45
42 46
46 47
47 48
48 49
6 50
50 51
51 52
52 53
51 54
54 55
51 56
56 57
51 58
58 59
59 60
60 61
58 62
58 63
51 64
64 65
65 66
66 67
64 68
68 69
69 70
70 71
6 72
72 73
73 74
74 75
73 76
76 77
73 78
78 79
73 80
80 81
81 82
82 83
80 84
73 85
85 86
86 87
87 88
85 89
89 90
90 91
91 92
6 93
93 94
94 95
95 96
96 97
94 98
98 99
99 100
94 101
101 102
102 103
94 104
104 105
105 106
