1 2
2 3
3 4
4 5
5 6
4 7
7 8
4 9
9 10
4 11
11 12
12 13
11 14
4 15
15 16
16 17
15 18
15 19
19 20
20 21
21 22
2 23
23 24
24 25
25 26
24 27
27 28
24 29
29 30
24 31
31 32
32 33
31 34
24 35
35 36
36 37
35 38
38 39
39 40
40 41
2 42
42 43
43 44
44 45
43 46
46 47
43 48
48 49
43 50
50 51
51 52
50 53
50 54
43 55
55 56
56 57
55 58
58 59
59 60
60 61
2 62
62 63
63 64
64 65
63 66
66 67
63 68
68 69
63 70
70 71
71 72
70 73
63 74
74 75
75 76
74 77
77 78
78 79
79 80
2 81
81 82
82 83
83 84
84 85
82 86
86 87
87 88
82 89
89 90
90 91
82 92
92 93
93 94
