1 2
2 3
3 4
4 5
1 6
6 7
7 8
8 9
1 10
10 11
11 12
12 13
13 14
12 15
15 16
12 17
17 18
12 19
19 20
20 21
21 22
22 23
19 24
12 25
25 26
26 27
27 28
28 29
25 30
25 31
31 32
32 33
33 34
10 35
35 36
36 37
37 38
36 39
39 40
36 41
41 42
36 43
43 44
44 45
45 46
46 47
43 48
36 49
49 50
50 51
51 52
52 53
49 54
54 55
55 56
56 57
10 58
58 59
59 60
60 61
59 62
62 63
59 64
64 65
59 66
66 67
67 68
68 69
69 70
66 71
66 72
59 73
73 74
74 75
75 76
76 77
73 78
78 79
79 80
80 81
10 82
82 83
83 84
84 85
83 86
86 87
83 88
88 89
83 90
90 91
91 92
92 93
93 94
90 95
83 96
96 97
97 98
98 99
99 100
96 101
101 102
102 103
103 104
10 105
105 106
106 107
107 108
108 109
106 110
110 111
111 112
106 113
113 114
114 115
106 116
116 117
117 118
