1 2
2 3
3 4
4 5
5 6
4 7
7 8
4 9
9 10
4 11
11 12
11 13
13 14
14 15
14 16
13 17
13 18
18 19
13 20
4 21
21 22
21 23
23 24
24 25
24 26
23 27
23 28
28 29
29 30
30 31
23 32
2 33
33 34
34 35
35 36
34 37
37 38
34 39
39 40
34 41
41 42
41 43
43 44
44 45
44 46
43 47
43 48
48 49
43 50
34 51
51 52
51 53
53 54
54 55
54 56
56 57
57 58
53 59
53 60
60 61
53 62
2 63
63 64
64 65
65 66
64 67
67 68
64 69
69 70
64 71
71 72
71 73
73 74
74 75
74 76
73 77
73 78
78 79
73 80
64 81
81 82
81 83
83 84
84 85
84 86
86 87
87 88
83 89
83 90
90 91
83 92
2 93
93 94
94 95
95 96
94 97
97 98
94 99
99 100
94 101
101 102
101 103
103 104
104 105
104 106
103 107
103 108
108 109
103 110
94 111
111 112
111 113
113 114
114 115
114 116
116 117
117 118
113 119
113 120
120 121
113 122
2 123
123 124
124 125
125 126
126 127
124 128
128 129
129 130
124 131
131 132
132 133
124 134
134 135
135 136
