1 2
2 3
3 4
4 5
5 6
4 7
7 8
7 9
9 10
4 11
11 12
12 13
11 14
14 15
15 16
16 17
17 18
18 19
19 20
20 21
21 22
20 23
23 24
24 25
19 26
26 27
17 28
15 29
29 30
29 31
29 32
4 33
33 34
34 35
33 36
33 37
37 38
38 39
39 40
38 41
41 42
42 43
43 44
44 45
38 46
46 47
47 48
47 49
46 50
50 51
51 52
50 53
46 54
54 55
46 56
56 57
57 58
58 59
59 60
58 61
61 62
57 63
38 64
64 65
65 66
66 67
67 68
66 69
65 70
70 71
71 72
70 73
73 74
64 75
75 76
76 77
77 78
78 79
77 80
80 81
76 82
75 83
83 84
84 85
84 86
83 87
87 88
88 89
87 90
83 91
91 92
83 93
64 94
38 95
95 96
96 97
2 98
98 99
99 100
100 101
99 102
102 103
102 104
104 105
99 106
106 107
107 108
106 109
109 110
110 111
111 112
112 113
113 114
114 115
115 116
116 117
115 118
118 119
119 120
114 121
121 122
112 123
110 124
124 125
124 126
124 127
99 128
128 129
129 130
128 131
131 132
132 133
133 134
132 135
135 136
136 137
137 138
138 139
132 140
140 141
141 142
141 143
140 144
144 145
145 146
144 147
140 148
148 149
140 150
150 151
151 152
152 153
153 154
152 155
155 156
151 157
132 158
158 159
159 160
160 161
161 162
160 163
159 164
164 165
165 166
164 167
167 168
158 169
169 170
170 171
171 172
172 173
171 174
174 175
170 176
169 177
177 178
178 179
178 180
177 181
181 182
182 183
181 184
177 185
185 186
177 187
158 188
132 189
189 190
190 191
2 192
192 193
193 194
194 195
193 196
196 197
196 198
198 199
193 200
200 201
201 202
200 203
200 204
204 205
205 206
205 207
193 208
208 209
209 210
208 211
211 212
212 213
213 214
212 215
215 216
216 217
217 218
218 219
212 220
220 221
221 222
221 223
220 224
224 225
225 226
224 227
220 228
228 229
220 230
230 231
231 232
232 233
233 234
232 235
235 236
231 237
212 238
238 239
239 240
240 241
239 242
238 243
243 244
244 245
245 246
246 247
245 248
248 249
244 250
243 251
251 252
252 253
252 254
251 255
255 256
256 257
255 258
251 259
259 260
251 261
238 262
212 263
263 264
264 265
2 266
266 267
267 268
268 269
267 270
270 271
270 272
272 273
267 274
274 275
275 276
274 277
277 278
278 279
278 280
267 281
281 282
282 283
281 284
284 285
285 286
286 287
285 288
288 289
289 290
290 291
291 292
285 293
293 294
294 295
294 296
293 297
297 298
298 299
297 300
293 301
301 302
293 303
303 304
304 305
305 306
306 307
305 308
308 309
304 310
285 311
311 312
312 313
313 314
312 315
311 316
316 317
317 318
318 319
319 320
318 321
321 322
317 323
316 324
324 325
325 326
325 327
324 328
328 329
329 330
328 331
324 332
332 333
324 334
311 335
285 336
336 337
337 338
2 339
339 340
340 341
341 342
342 343
340 344
344 345
345 346
340 347
347 348
348 349
340 350
350 351
351 352
