1 2
2 3
3 4
4 5
5 6
4 7
7 8
7 9
9 10
4 11
11 12
11 13
4 14
14 15
15 16
14 17
17 18
18 19
19 20
20 21
14 22
22 23
23 24
23 25
22 26
26 27
27 28
26 29
22 30
30 31
22 32
32 33
33 34
34 35
35 36
34 37
37 38
33 39
14 40
40 41
41 42
42 43
41 44
40 45
45 46
46 47
47 48
48 49
47 50
50 51
46 52
45 53
53 54
54 55
54 56
53 57
57 58
58 59
57 60
53 61
61 62
53 63
40 64
14 65
65 66
66 67
2 68
68 69
69 70
70 71
69 72
72 73
72 74
74 75
69 76
76 77
77 78
78 79
79 80
80 81
81 82
82 83
81 84
84 85
85 86
80 87
87 88
78 89
76 90
90 91
90 92
90 93
69 94
94 95
95 96
94 97
97 98
98 99
99 100
100 101
94 102
102 103
103 104
103 105
102 106
106 107
107 108
106 109
102 110
110 111
102 112
112 113
113 114
114 115
115 116
114 117
117 118
113 119
94 120
120 121
121 122
122 123
123 124
122 125
121 126
126 127
127 128
126 129
129 130
120 131
131 132
132 133
133 134
134 135
133 136
136 137
132 138
131 139
139 140
140 141
140 142
139 143
143 144
144 145
143 146
139 147
147 148
139 149
120 150
94 151
151 152
152 153
2 154
154 155
155 156
156 157
157 158
155 159
159 160
160 161
