1 2
2 3
1 4
4 5
5 6
6 7
7 8
6 9
9 10
9 11
11 12
6 13
13 14
14 15
15 16
14 17
13 18
18 19
19 20
20 21
21 22
22 23
23 24
24 25
25 26
24 27
27 28
28 29
23 30
30 31
21 32
19 33
33 34
33 35
33 36
6 37
37 38
38 39
39 40
38 41
37 42
37 43
43 44
44 45
45 46
44 47
47 48
48 49
49 50
50 51
44 52
52 53
53 54
53 55
52 56
56 57
57 58
56 59
52 60
60 61
52 62
62 63
63 64
64 65
65 66
64 67
67 68
63 69
44 70
70 71
71 72
72 73
73 74
72 75
71 76
76 77
77 78
76 79
79 80
70 81
81 82
82 83
83 84
84 85
83 86
86 87
82 88
81 89
89 90
90 91
90 92
89 93
93 94
94 95
93 96
89 97
97 98
89 99
70 100
44 101
101 102
102 103
4 104
104 105
105 106
106 107
105 108
108 109
108 110
110 111
105 112
112 113
113 114
114 115
113 116
112 117
117 118
118 119
119 120
120 121
121 122
122 123
123 124
124 125
123 126
126 127
127 128
122 129
129 130
120 131
118 132
132 133
132 134
132 135
105 136
136 137
137 138
138 139
137 140
136 141
141 142
142 143
143 144
142 145
145 146
146 147
147 148
148 149
142 150
150 151
151 152
151 153
150 154
154 155
155 156
154 157
150 158
158 159
150 160
160 161
161 162
162 163
163 164
162 165
165 166
161 167
142 168
168 169
169 170
170 171
171 172
170 173
169 174
174 175
175 176
174 177
177 178
168 179
179 180
180 181
181 182
182 183
181 184
184 185
180 186
179 187
187 188
188 189
188 190
187 191
191 192
192 193
191 194
187 195
195 196
187 197
168 198
142 199
199 200
200 201
4 202
202 203
203 204
204 205
203 206
206 207
206 208
208 209
203 210
210 211
211 212
212 213
211 214
210 215
210 216
216 217
217 218
217 219
203 220
220 221
221 222
222 223
221 224
220 225
225 226
226 227
227 228
226 229
229 230
230 231
231 232
232 233
226 234
234 235
235 236
235 237
234 238
238 239
239 240
238 241
234 242
242 243
234 244
244 245
245 246
246 247
247 248
246 249
249 250
245 251
226 252
252 253
253 254
254 255
253 256
252 257
257 258
258 259
259 260
260 261
259 262
262 263
258 264
257 265
265 266
266 267
266 268
265 269
269 270
270 271
269 272
265 273
273 274
265 275
252 276
226 277
277 278
278 279
4 280
280 281
281 282
282 283
281 284
284 285
284 286
286 287
281 288
288 289
289 290
290 291
289 292
288 293
293 294
294 295
294 296
281 297
297 298
298 299
299 300
298 301
297 302
302 303
303 304
304 305
303 306
306 307
307 308
308 309
309 310
303 311
311 312
312 313
312 314
311 315
315 316
316 317
315 318
311 319
319 320
311 321
321 322
322 323
323 324
324 325
323 326
326 327
322 328
303 329
329 330
330 331
331 332
330 333
329 334
334 335
335 336
336 337
337 338
336 339
339 340
335 341
334 342
342 343
343 344
343 345
342 346
346 347
347 348
346 349
342 350
350 351
342 352
329 353
303 354
354 355
355 356
4 357
357 358
358 359
359 360
360 361
358 362
362 363
363 364
358 365
365 366
366 367
358 368
368 369
369 370
