1 2
2 3
3 4
4 5
5 6
4 7
7 8
7 9
9 10
4 11
11 12
12 13
12 14
11 15
15 16
16 17
17 18
18 19
19 20
20 21
21 22
22 23
21 24
24 25
25 26
20 27
27 28
18 29
16 30
30 31
30 32
30 33
4 34
34 35
35 36
35 37
34 38
34 39
39 40
40 41
41 42
40 43
43 44
44 45
45 46
46 47
40 48
48 49
49 50
49 51
48 52
52 53
53 54
52 55
48 56
56 57
48 58
58 59
59 60
60 61
61 62
60 63
63 64
59 65
40 66
66 67
67 68
68 69
69 70
68 71
67 72
72 73
73 74
72 75
75 76
66 77
77 78
78 79
79 80
80 81
79 82
82 83
78 84
77 85
85 86
86 87
86 88
85 89
89 90
90 91
89 92
85 93
93 94
85 95
66 96
40 97
97 98
98 99
2 100
100 101
101 102
102 103
101 104
104 105
104 106
106 107
101 108
108 109
109 110
109 111
108 112
112 113
113 114
114 115
115 116
116 117
117 118
118 119
119 120
118 121
121 122
122 123
117 124
124 125
115 126
113 127
127 128
127 129
127 130
101 131
131 132
132 133
132 134
131 135
135 136
136 137
137 138
136 139
139 140
140 141
141 142
142 143
136 144
144 145
145 146
145 147
144 148
148 149
149 150
148 151
144 152
152 153
144 154
154 155
155 156
156 157
157 158
156 159
159 160
155 161
136 162
162 163
163 164
164 165
165 166
164 167
163 168
168 169
169 170
168 171
171 172
162 173
173 174
174 175
175 176
176 177
175 178
178 179
174 180
173 181
181 182
182 183
182 184
181 185
185 186
186 187
185 188
181 189
189 190
181 191
162 192
136 193
193 194
194 195
2 196
196 197
197 198
198 199
197 200
200 201
200 202
202 203
197 204
204 205
205 206
205 207
204 208
204 209
209 210
210 211
210 212
197 213
213 214
214 215
214 216
213 217
217 218
218 219
219 220
218 221
221 222
222 223
223 224
224 225
218 226
226 227
227 228
227 229
226 230
230 231
231 232
230 233
226 234
234 235
226 236
236 237
237 238
238 239
239 240
238 241
241 242
237 243
218 244
244 245
245 246
246 247
245 248
244 249
249 250
250 251
251 252
252 253
251 254
254 255
250 256
249 257
257 258
258 259
258 260
257 261
261 262
262 263
261 264
257 265
265 266
257 267
244 268
218 269
269 270
270 271
2 272
272 273
273 274
274 275
273 276
276 277
276 278
278 279
273 280
280 281
281 282
281 283
280 284
284 285
285 286
285 287
273 288
288 289
289 290
289 291
288 292
292 293
293 294
294 295
293 296
296 297
297 298
298 299
299 300
293 301
301 302
302 303
302 304
301 305
305 306
306 307
305 308
301 309
309 310
301 311
311 312
312 313
313 314
314 315
313 316
316 317
312 318
293 319
319 320
320 321
321 322
320 323
319 324
324 325
325 326
326 327
327 328
326 329
329 330
325 331
324 332
332 333
333 334
333 335
332 336
336 337
337 338
336 339
332 340
340 341
332 342
319 343
293 344
344 345
345 346
2 347
347 348
348 349
349 350
350 351
348 352
352 353
353 354
348 355
355 356
356 357
348 358
358 359
359 360
