1 2
2 3
3 4
4 5
5 6
4 7
7 8
7 9
9 10
4 11
11 12
11 13
13 14
14 15
15 16
16 17
17 18
18 19
19 20
20 21
19 22
22 23
23 24
18 25
25 26
16 27
14 28
28 29
28 30
28 31
11 32
32 33
33 34
34 35
35 36
36 37
37 38
38 39
39 40
38 41
41 42
42 43
37 44
44 45
35 46
33 47
47 48
47 49
47 50
4 51
51 52
51 53
53 54
54 55
55 56
54 57
57 58
58 59
59 60
60 61
54 62
62 63
63 64
63 65
62 66
66 67
67 68
66 69
62 70
70 71
62 72
72 73
73 74
74 75
75 76
74 77
77 78
73 79
54 80
80 81
81 82
82 83
83 84
82 85
81 86
86 87
87 88
86 89
89 90
80 91
91 92
92 93
93 94
94 95
93 96
96 97
92 98
91 99
99 100
100 101
100 102
99 103
103 104
104 105
103 106
99 107
107 108
99 109
80 110
54 111
111 112
112 113
51 114
114 115
115 116
116 117
115 118
118 119
119 120
120 121
121 122
115 123
123 124
124 125
124 126
123 127
127 128
128 129
127 130
123 131
131 132
123 133
133 134
134 135
135 136
136 137
135 138
138 139
134 140
115 141
141 142
142 143
143 144
144 145
143 146
142 147
147 148
148 149
147 150
150 151
141 152
152 153
153 154
154 155
155 156
154 157
157 158
153 159
152 160
160 161
161 162
161 163
160 164
164 165
165 166
164 167
160 168
168 169
160 170
141 171
115 172
172 173
173 174
2 175
175 176
176 177
177 178
176 179
179 180
179 181
181 182
176 183
183 184
183 185
185 186
186 187
186 188
183 189
189 190
190 191
190 192
176 193
193 194
193 195
195 196
196 197
197 198
196 199
199 200
200 201
201 202
202 203
196 204
204 205
205 206
205 207
204 208
208 209
209 210
208 211
204 212
212 213
204 214
214 215
215 216
216 217
217 218
216 219
219 220
215 221
196 222
222 223
223 224
224 225
223 226
222 227
227 228
228 229
229 230
230 231
229 232
232 233
228 234
227 235
235 236
236 237
236 238
235 239
239 240
240 241
239 242
235 243
243 244
235 245
222 246
196 247
247 248
248 249
193 250
250 251
251 252
252 253
251 254
254 255
255 256
256 257
257 258
251 259
259 260
260 261
260 262
259 263
263 264
264 265
263 266
259 267
267 268
259 269
269 270
270 271
271 272
272 273
271 274
274 275
270 276
251 277
277 278
278 279
279 280
278 281
277 282
282 283
283 284
284 285
285 286
284 287
287 288
283 289
282 290
290 291
291 292
291 293
290 294
294 295
295 296
294 297
290 298
298 299
290 300
277 301
251 302
302 303
303 304
2 305
305 306
306 307
307 308
308 309
306 310
310 311
311 312
