1 2
2 3
1 4
4 5
1 6
6 7
7 8
8 9
9 10
8 11
11 12
11 13
13 14
8 15
15 16
16 17
17 18
15 19
19 20
20 21
21 22
22 23
23 24
24 25
25 26
26 27
25 28
28 29
29 30
24 31
31 32
22 33
20 34
34 35
34 36
34 37
8 38
38 39
39 40
40 41
38 42
38 43
43 44
44 45
45 46
44 47
47 48
48 49
49 50
50 51
44 52
52 53
53 54
53 55
52 56
56 57
57 58
56 59
52 60
60 61
52 62
62 63
63 64
64 65
65 66
64 67
67 68
63 69
44 70
70 71
71 72
72 73
73 74
72 75
71 76
76 77
77 78
76 79
79 80
70 81
81 82
82 83
83 84
84 85
83 86
86 87
82 88
81 89
89 90
90 91
90 92
89 93
93 94
94 95
93 96
89 97
97 98
89 99
70 100
44 101
101 102
102 103
6 104
104 105
105 106
106 107
105 108
108 109
108 110
110 111
105 112
112 113
113 114
114 115
112 116
116 117
117 118
118 119
119 120
120 121
121 122
122 123
123 124
122 125
125 126
126 127
121 128
128 129
119 130
117 131
131 132
131 133
131 134
105 135
135 136
136 137
137 138
135 139
139 140
140 141
141 142
140 143
143 144
144 145
145 146
146 147
140 148
148 149
149 150
149 151
148 152
152 153
153 154
152 155
148 156
156 157
148 158
158 159
159 160
160 161
161 162
160 163
163 164
159 165
140 166
166 167
167 168
168 169
169 170
168 171
167 172
172 173
173 174
172 175
175 176
166 177
177 178
178 179
179 180
180 181
179 182
182 183
178 184
177 185
185 186
186 187
186 188
185 189
189 190
190 191
189 192
185 193
193 194
185 195
166 196
140 197
197 198
198 199
6 200
200 201
201 202
202 203
201 204
204 205
204 206
206 207
201 208
208 209
209 210
210 211
208 212
208 213
213 214
214 215
214 216
201 217
217 218
218 219
219 220
217 221
221 222
222 223
223 224
222 225
225 226
226 227
227 228
228 229
222 230
230 231
231 232
231 233
230 234
234 235
235 236
234 237
230 238
238 239
230 240
240 241
241 242
242 243
243 244
242 245
245 246
241 247
222 248
248 249
249 250
250 251
249 252
248 253
253 254
254 255
255 256
256 257
255 258
258 259
254 260
253 261
261 262
262 263
262 264
261 265
265 266
266 267
265 268
261 269
269 270
261 271
248 272
222 273
273 274
274 275
6 276
276 277
277 278
278 279
277 280
280 281
280 282
282 283
277 284
284 285
285 286
286 287
284 288
288 289
289 290
289 291
277 292
292 293
293 294
294 295
292 296
296 297
297 298
298 299
297 300
300 301
301 302
302 303
303 304
297 305
305 306
306 307
306 308
305 309
309 310
310 311
309 312
305 313
313 314
305 315
315 316
316 317
317 318
318 319
317 320
320 321
316 322
297 323
323 324
324 325
325 326
324 327
323 328
328 329
329 330
330 331
331 332
330 333
333 334
329 335
328 336
336 337
337 338
337 339
336 340
340 341
341 342
340 343
336 344
344 345
336 346
323 347
297 348
348 349
349 350
6 351
351 352
352 353
353 354
354 355
352 356
356 357
357 358
352 359
359 360
360 361
352 362
362 363
363 364
