1 2
2 3
3 4
4 5
5 6
4 7
7 8
7 9
9 10
4 11
11 12
11 13
13 14
14 15
15 16
16 17
17 18
18 19
19 20
20 21
19 22
22 23
23 24
18 25
25 26
16 27
14 28
28 29
28 30
28 31
4 32
32 33
32 34
32 35
35 36
36 37
37 38
36 39
39 40
40 41
41 42
42 43
36 44
44 45
45 46
45 47
44 48
48 49
49 50
48 51
44 52
52 53
44 54
54 55
55 56
56 57
57 58
56 59
59 60
55 61
36 62
62 63
63 64
64 65
65 66
64 67
63 68
68 69
69 70
68 71
71 72
62 73
73 74
74 75
75 76
76 77
75 78
78 79
74 80
73 81
81 82
82 83
82 84
81 85
85 86
86 87
85 88
81 89
89 90
81 91
62 92
36 93
93 94
94 95
2 96
96 97
97 98
98 99
97 100
100 101
100 102
102 103
97 104
104 105
104 106
106 107
107 108
108 109
109 110
110 111
111 112
112 113
113 114
112 115
115 116
116 117
111 118
118 119
109 120
107 121
121 122
121 123
121 124
97 125
125 126
125 127
127 128
128 129
129 130
128 131
131 132
132 133
133 134
134 135
128 136
136 137
137 138
137 139
136 140
140 141
141 142
140 143
136 144
144 145
136 146
146 147
147 148
148 149
149 150
148 151
151 152
147 153
128 154
154 155
155 156
156 157
157 158
156 159
155 160
160 161
161 162
160 163
163 164
154 165
165 166
166 167
167 168
168 169
167 170
170 171
166 172
165 173
173 174
174 175
174 176
173 177
177 178
178 179
177 180
173 181
181 182
173 183
154 184
128 185
185 186
186 187
2 188
188 189
189 190
190 191
189 192
192 193
192 194
194 195
189 196
196 197
196 198
196 199
199 200
200 201
200 202
189 203
203 204
203 205
205 206
206 207
207 208
206 209
209 210
210 211
211 212
212 213
206 214
214 215
215 216
215 217
214 218
218 219
219 220
218 221
214 222
222 223
214 224
224 225
225 226
226 227
227 228
226 229
229 230
225 231
206 232
232 233
233 234
234 235
233 236
232 237
237 238
238 239
239 240
240 241
239 242
242 243
238 244
237 245
245 246
246 247
246 248
245 249
249 250
250 251
249 252
245 253
253 254
245 255
232 256
206 257
257 258
258 259
2 260
260 261
261 262
262 263
261 264
264 265
264 266
266 267
261 268
268 269
268 270
270 271
271 272
271 273
261 274
274 275
274 276
276 277
277 278
278 279
277 280
280 281
281 282
282 283
283 284
277 285
285 286
286 287
286 288
285 289
289 290
290 291
289 292
285 293
293 294
285 295
295 296
296 297
297 298
298 299
297 300
300 301
296 302
277 303
303 304
304 305
305 306
304 307
303 308
308 309
309 310
310 311
311 312
310 313
313 314
309 315
308 316
316 317
317 318
317 319
316 320
320 321
321 322
320 323
316 324
324 325
316 326
303 327
277 328
328 329
329 330
2 331
331 332
332 333
333 334
334 335
332 336
336 337
337 338
332 339
339 340
340 341
332 342
342 343
343 344
