1 2
2 3
3 4
4 5
5 6
4 7
7 8
7 9
9 10
4 11
11 12
4 13
13 14
14 15
15 16
16 17
17 18
18 19
19 20
20 21
19 22
22 23
23 24
18 25
25 26
16 27
14 28
28 29
28 30
28 31
4 32
32 33
4 34
34 35
35 36
36 37
35 38
38 39
39 40
40 41
41 42
35 43
43 44
44 45
44 46
43 47
47 48
48 49
47 50
43 51
51 52
43 53
53 54
54 55
55 56
56 57
55 58
58 59
54 60
35 61
61 62
62 63
63 64
64 65
63 66
62 67
67 68
68 69
67 70
70 71
61 72
72 73
73 74
74 75
75 76
74 77
77 78
73 79
72 80
80 81
81 82
81 83
80 84
84 85
85 86
84 87
80 88
88 89
80 90
61 91
35 92
92 93
93 94
2 95
95 96
96 97
97 98
96 99
99 100
99 101
101 102
96 103
103 104
96 105
105 106
106 107
106 108
96 109
109 110
96 111
111 112
112 113
113 114
112 115
115 116
116 117
117 118
118 119
112 120
120 121
121 122
121 123
120 124
124 125
125 126
124 127
120 128
128 129
120 130
130 131
131 132
132 133
133 134
132 135
135 136
131 137
112 138
138 139
139 140
140 141
139 142
138 143
143 144
144 145
145 146
146 147
145 148
148 149
144 150
143 151
151 152
152 153
152 154
151 155
155 156
156 157
155 158
151 159
159 160
151 161
138 162
112 163
163 164
164 165
2 166
166 167
167 168
168 169
169 170
167 171
171 172
172 173
