1 2
2 3
3 4
4 5
5 6
4 7
7 8
7 9
9 10
4 11
11 12
11 13
13 14
14 15
14 16
16 17
17 18
18 19
19 20
20 21
21 22
22 23
21 24
24 25
25 26
20 27
27 28
18 29
16 30
30 31
30 32
30 33
13 34
13 35
35 36
13 37
4 38
38 39
38 40
40 41
41 42
41 43
40 44
40 45
45 46
46 47
47 48
46 49
49 50
50 51
51 52
52 53
46 54
54 55
55 56
55 57
54 58
58 59
59 60
58 61
54 62
62 63
54 64
64 65
65 66
66 67
67 68
66 69
69 70
65 71
46 72
72 73
73 74
74 75
75 76
74 77
73 78
78 79
79 80
78 81
81 82
72 83
83 84
84 85
85 86
86 87
85 88
88 89
84 90
83 91
91 92
92 93
92 94
91 95
95 96
96 97
95 98
91 99
99 100
91 101
72 102
46 103
103 104
104 105
40 106
2 107
107 108
108 109
109 110
108 111
111 112
111 113
113 114
108 115
115 116
115 117
117 118
118 119
118 120
120 121
121 122
122 123
123 124
124 125
125 126
126 127
125 128
128 129
129 130
124 131
131 132
122 133
120 134
134 135
134 136
134 137
117 138
117 139
139 140
117 141
108 142
142 143
142 144
144 145
145 146
145 147
147 148
148 149
147 150
150 151
151 152
152 153
153 154
147 155
155 156
156 157
156 158
155 159
159 160
160 161
159 162
155 163
163 164
155 165
165 166
166 167
167 168
168 169
167 170
170 171
166 172
147 173
173 174
174 175
175 176
176 177
175 178
174 179
179 180
180 181
179 182
182 183
173 184
184 185
185 186
186 187
187 188
186 189
189 190
185 191
184 192
192 193
193 194
193 195
192 196
196 197
197 198
196 199
192 200
200 201
192 202
173 203
147 204
204 205
205 206
144 207
144 208
208 209
144 210
2 211
211 212
212 213
213 214
212 215
215 216
215 217
217 218
212 219
219 220
219 221
221 222
222 223
222 224
221 225
221 226
226 227
227 228
227 229
221 230
212 231
231 232
231 233
233 234
234 235
234 236
236 237
237 238
236 239
239 240
240 241
241 242
242 243
236 244
244 245
245 246
245 247
244 248
248 249
249 250
248 251
244 252
252 253
244 254
254 255
255 256
256 257
257 258
256 259
259 260
255 261
236 262
262 263
263 264
264 265
263 266
262 267
267 268
268 269
269 270
270 271
269 272
272 273
268 274
267 275
275 276
276 277
276 278
275 279
279 280
280 281
279 282
275 283
283 284
275 285
262 286
236 287
287 288
288 289
233 290
233 291
291 292
233 293
2 294
294 295
295 296
296 297
295 298
298 299
298 300
300 301
295 302
302 303
302 304
304 305
305 306
305 307
307 308
307 309
304 310
304 311
311 312
304 313
295 314
314 315
314 316
316 317
317 318
317 319
319 320
320 321
319 322
322 323
323 324
324 325
325 326
319 327
327 328
328 329
328 330
327 331
331 332
332 333
331 334
327 335
335 336
327 337
337 338
338 339
339 340
340 341
339 342
342 343
338 344
319 345
345 346
346 347
347 348
346 349
345 350
350 351
351 352
352 353
353 354
352 355
355 356
351 357
350 358
358 359
359 360
359 361
358 362
362 363
363 364
362 365
358 366
366 367
358 368
345 369
319 370
370 371
371 372
316 373
316 374
374 375
316 376
2 377
377 378
378 379
379 380
380 381
378 382
382 383
383 384
378 385
385 386
386 387
378 388
388 389
389 390
