1 2
2 3
3 4
2 5
5 6
2 7
7 8
2 9
9 10
2 11
11 12
12 13
13 14
12 15
15 16
15 17
17 18
12 19
19 20
20 21
21 22
22 23
23 24
24 25
25 26
24 27
27 28
28 29
23 30
30 31
21 32
19 33
33 34
33 35
33 36
12 37
37 38
37 39
12 40
40 41
41 42
40 43
43 44
2 45
45 46
2 47
47 48
48 49
49 50
48 51
51 52
51 53
53 54
48 55
55 56
56 57
57 58
58 59
59 60
60 61
61 62
60 63
63 64
64 65
59 66
66 67
57 68
55 69
69 70
69 71
69 72
48 73
73 74
73 75
48 76
76 77
77 78
76 79
79 80
2 81
81 82
2 83
83 84
84 85
85 86
84 87
87 88
87 89
89 90
84 91
91 92
91 93
84 94
94 95
94 96
84 97
97 98
98 99
97 100
100 101
2 102
102 103
103 104
104 105
105 106
103 107
107 108
108 109
103 110
110 111
111 112
