1 2
2 3
3 4
2 5
5 6
2 7
7 8
2 9
9 10
9 11
11 12
12 13
13 14
14 15
12 16
12 17
17 18
18 19
19 20
18 21
21 22
22 23
23 24
24 25
18 26
26 27
27 28
27 29
26 30
30 31
31 32
30 33
26 34
34 35
26 36
36 37
37 38
38 39
39 40
38 41
41 42
37 43
18 44
44 45
45 46
46 47
47 48
46 49
45 50
50 51
51 52
50 53
53 54
44 55
55 56
56 57
57 58
58 59
57 60
60 61
56 62
55 63
63 64
64 65
64 66
63 67
67 68
68 69
67 70
63 71
71 72
63 73
44 74
18 75
75 76
76 77
2 78
78 79
79 80
80 81
79 82
82 83
82 84
84 85
79 86
86 87
87 88
88 89
89 90
90 91
91 92
92 93
91 94
94 95
95 96
90 97
97 98
88 99
86 100
100 101
100 102
100 103
79 104
104 105
104 106
79 107
107 108
108 109
107 110
110 111
2 112
112 113
112 114
114 115
115 116
116 117
117 118
115 119
119 120
120 121
121 122
120 123
123 124
124 125
125 126
126 127
120 128
128 129
129 130
129 131
128 132
132 133
133 134
132 135
128 136
136 137
128 138
138 139
139 140
140 141
141 142
140 143
143 144
139 145
120 146
146 147
147 148
148 149
149 150
148 151
147 152
152 153
153 154
152 155
155 156
146 157
157 158
158 159
159 160
160 161
159 162
162 163
158 164
157 165
165 166
166 167
166 168
165 169
169 170
170 171
169 172
165 173
173 174
165 175
146 176
120 177
177 178
178 179
2 180
180 181
181 182
182 183
181 184
184 185
184 186
186 187
181 188
188 189
189 190
190 191
191 192
192 193
193 194
194 195
193 196
196 197
197 198
192 199
199 200
190 201
188 202
202 203
202 204
202 205
181 206
206 207
206 208
181 209
209 210
210 211
209 212
212 213
2 214
214 215
214 216
216 217
217 218
218 219
219 220
217 221
221 222
222 223
223 224
222 225
225 226
226 227
227 228
228 229
222 230
230 231
231 232
231 233
230 234
234 235
235 236
234 237
230 238
238 239
230 240
240 241
241 242
242 243
243 244
242 245
245 246
241 247
222 248
248 249
249 250
250 251
249 252
248 253
253 254
254 255
255 256
256 257
255 258
258 259
254 260
253 261
261 262
262 263
262 264
261 265
265 266
266 267
265 268
261 269
269 270
261 271
248 272
222 273
273 274
274 275
2 276
276 277
277 278
278 279
277 280
280 281
280 282
282 283
277 284
284 285
284 286
277 287
287 288
287 289
277 290
290 291
291 292
290 293
293 294
2 295
295 296
296 297
297 298
298 299
296 300
300 301
301 302
296 303
303 304
304 305
