1 2
2 3
3 4
4 5
5 6
5 7
4 8
8 9
4 10
10 11
10 12
12 13
4 14
14 15
15 16
15 17
14 18
18 19
19 20
18 21
14 22
22 23
14 24
24 25
25 26
26 27
27 28
28 29
29 30
30 31
31 32
30 33
33 34
34 35
29 36
36 37
27 38
25 39
39 40
39 41
39 42
4 43
43 44
44 45
44 46
43 47
47 48
48 49
47 50
43 51
51 52
43 53
53 54
54 55
55 56
54 57
57 58
58 59
59 60
60 61
54 62
62 63
63 64
63 65
62 66
66 67
67 68
66 69
62 70
70 71
62 72
72 73
73 74
74 75
75 76
74 77
77 78
73 79
54 80
80 81
81 82
82 83
83 84
82 85
81 86
86 87
87 88
86 89
89 90
80 91
91 92
92 93
93 94
94 95
93 96
96 97
92 98
91 99
99 100
100 101
100 102
99 103
103 104
104 105
103 106
99 107
107 108
99 109
80 110
54 111
111 112
112 113
2 114
114 115
115 116
116 117
116 118
115 119
119 120
115 121
121 122
121 123
123 124
115 125
125 126
126 127
126 128
125 129
129 130
130 131
129 132
125 133
133 134
125 135
135 136
136 137
136 138
115 139
139 140
140 141
140 142
139 143
143 144
144 145
143 146
139 147
147 148
139 149
149 150
150 151
151 152
150 153
153 154
154 155
155 156
156 157
150 158
158 159
159 160
159 161
158 162
162 163
163 164
162 165
158 166
166 167
158 168
168 169
169 170
170 171
171 172
170 173
173 174
169 175
150 176
176 177
177 178
178 179
177 180
176 181
181 182
182 183
183 184
184 185
183 186
186 187
182 188
181 189
189 190
190 191
190 192
189 193
193 194
194 195
193 196
189 197
197 198
189 199
176 200
150 201
201 202
202 203
2 204
204 205
205 206
206 207
207 208
205 209
209 210
210 211
