1 2
2 3
3 4
4 5
5 6
4 7
7 8
7 9
9 10
4 11
11 12
11 13
4 14
14 15
15 16
16 17
17 18
14 19
19 20
20 21
21 22
14 23
23 24
24 25
23 26
26 27
27 28
28 29
29 30
23 31
31 32
32 33
32 34
31 35
35 36
36 37
35 38
31 39
39 40
31 41
41 42
42 43
43 44
44 45
43 46
46 47
42 48
23 49
49 50
50 51
51 52
50 53
49 54
54 55
55 56
56 57
57 58
56 59
59 60
55 61
54 62
62 63
63 64
63 65
62 66
66 67
67 68
66 69
62 70
70 71
62 72
49 73
23 74
74 75
75 76
2 77
77 78
78 79
79 80
78 81
81 82
81 83
83 84
78 85
85 86
86 87
87 88
88 89
89 90
90 91
91 92
90 93
93 94
94 95
89 96
96 97
87 98
85 99
99 100
99 101
99 102
78 103
103 104
104 105
105 106
106 107
103 108
108 109
109 110
110 111
103 112
112 113
113 114
112 115
115 116
116 117
117 118
118 119
112 120
120 121
121 122
121 123
120 124
124 125
125 126
124 127
120 128
128 129
120 130
130 131
131 132
132 133
133 134
132 135
135 136
131 137
112 138
138 139
139 140
140 141
141 142
140 143
139 144
144 145
145 146
144 147
147 148
138 149
149 150
150 151
151 152
152 153
151 154
154 155
150 156
149 157
157 158
158 159
158 160
157 161
161 162
162 163
161 164
157 165
165 166
157 167
138 168
112 169
169 170
170 171
2 172
172 173
173 174
174 175
175 176
173 177
177 178
178 179
