1 2
2 3
3 4
4 5
5 6
4 7
7 8
7 9
9 10
4 11
11 12
12 13
11 14
14 15
15 16
16 17
17 18
18 19
19 20
20 21
21 22
20 23
23 24
24 25
19 26
26 27
17 28
15 29
29 30
29 31
29 32
14 33
4 34
34 35
35 36
34 37
37 38
38 39
39 40
38 41
41 42
42 43
43 44
44 45
38 46
46 47
47 48
47 49
46 50
50 51
51 52
50 53
46 54
54 55
46 56
56 57
57 58
58 59
59 60
58 61
61 62
57 63
38 64
64 65
65 66
66 67
67 68
66 69
65 70
70 71
71 72
70 73
73 74
64 75
75 76
76 77
77 78
78 79
77 80
80 81
76 82
75 83
83 84
84 85
84 86
83 87
87 88
88 89
87 90
83 91
91 92
83 93
64 94
38 95
95 96
96 97
37 98
2 99
99 100
100 101
101 102
100 103
103 104
103 105
105 106
100 107
107 108
108 109
107 110
110 111
111 112
111 113
110 114
100 115
115 116
116 117
115 118
118 119
119 120
120 121
119 122
122 123
123 124
124 125
125 126
119 127
127 128
128 129
128 130
127 131
131 132
132 133
131 134
127 135
135 136
127 137
137 138
138 139
139 140
140 141
139 142
142 143
138 144
119 145
145 146
146 147
147 148
146 149
145 150
150 151
151 152
152 153
153 154
152 155
155 156
151 157
150 158
158 159
159 160
159 161
158 162
162 163
163 164
162 165
158 166
166 167
158 168
145 169
119 170
170 171
171 172
118 173
2 174
174 175
175 176
176 177
177 178
175 179
179 180
180 181
