1 2
2 3
3 4
3 5
5 6
6 7
6 8
5 9
9 10
10 11
2 12
12 13
13 14
14 15
13 16
16 17
16 18
18 19
13 20
20 21
20 22
22 23
23 24
22 25
25 26
13 27
27 28
28 29
27 30
30 31
31 32
32 33
33 34
27 35
35 36
36 37
36 38
35 39
39 40
40 41
39 42
35 43
43 44
35 45
45 46
46 47
47 48
48 49
47 50
50 51
46 52
27 53
53 54
54 55
55 56
54 57
53 58
58 59
59 60
60 61
61 62
60 63
63 64
59 65
58 66
66 67
67 68
67 69
66 70
70 71
71 72
70 73
66 74
74 75
66 76
53 77
27 78
78 79
79 80
2 81
81 82
81 83
83 84
84 85
85 86
86 87
87 88
88 89
89 90
90 91
89 92
92 93
93 94
88 95
95 96
86 97
84 98
98 99
98 100
98 101
83 102
102 103
103 104
2 105
105 106
106 107
107 108
106 109
109 110
109 111
111 112
106 113
113 114
113 115
115 116
116 117
115 118
118 119
106 120
120 121
121 122
120 123
123 124
124 125
125 126
126 127
120 128
128 129
129 130
129 131
128 132
132 133
133 134
132 135
128 136
136 137
128 138
138 139
139 140
140 141
141 142
140 143
143 144
139 145
120 146
146 147
147 148
148 149
149 150
148 151
147 152
152 153
153 154
152 155
155 156
146 157
157 158
158 159
159 160
160 161
159 162
162 163
158 164
157 165
165 166
166 167
166 168
165 169
169 170
170 171
169 172
165 173
173 174
165 175
146 176
120 177
177 178
178 179
2 180
180 181
181 182
182 183
183 184
181 185
185 186
186 187
