1 2
2 3
3 4
3 5
2 6
6 7
7 8
7 9
2 10
10 11
11 12
12 13
11 14
14 15
15 16
15 17
11 18
18 19
18 20
20 21
11 22
22 23
22 24
11 25
25 26
26 27
25 28
28 29
11 30
30 31
31 32
32 33
33 34
34 35
30 36
36 37
37 38
36 39
39 40
40 41
41 42
42 43
36 44
44 45
45 46
45 47
44 48
48 49
49 50
48 51
44 52
52 53
44 54
54 55
55 56
56 57
57 58
56 59
59 60
55 61
36 62
62 63
63 64
64 65
63 66
62 67
67 68
68 69
69 70
70 71
69 72
72 73
68 74
67 75
75 76
76 77
76 78
75 79
79 80
80 81
79 82
75 83
83 84
75 85
62 86
36 87
87 88
88 89
2 90
90 91
91 92
92 93
91 94
94 95
95 96
95 97
91 98
98 99
98 100
100 101
91 102
102 103
103 104
104 105
105 106
106 107
107 108
108 109
107 110
110 111
111 112
106 113
113 114
104 115
102 116
116 117
116 118
116 119
91 120
120 121
121 122
120 123
123 124
91 125
125 126
126 127
127 128
128 129
129 130
125 131
131 132
132 133
131 134
134 135
135 136
136 137
137 138
131 139
139 140
140 141
140 142
139 143
143 144
144 145
143 146
139 147
147 148
139 149
149 150
150 151
151 152
152 153
151 154
154 155
150 156
131 157
157 158
158 159
159 160
160 161
159 162
158 163
163 164
164 165
163 166
166 167
157 168
168 169
169 170
170 171
171 172
170 173
173 174
169 175
168 176
176 177
177 178
177 179
176 180
180 181
181 182
180 183
176 184
184 185
176 186
157 187
131 188
188 189
189 190
2 191
191 192
192 193
193 194
194 195
192 196
196 197
197 198
