1 2
2 3
3 4
3 5
5 6
6 7
7 8
6 9
9 10
10 11
11 12
12 13
6 14
14 15
15 16
15 17
14 18
18 19
19 20
18 21
14 22
22 23
14 24
24 25
25 26
26 27
27 28
26 29
29 30
25 31
6 32
32 33
33 34
34 35
33 36
32 37
37 38
38 39
39 40
40 41
39 42
42 43
38 44
37 45
45 46
46 47
46 48
45 49
49 50
50 51
49 52
45 53
53 54
45 55
32 56
6 57
57 58
58 59
2 60
60 61
61 62
62 63
61 64
64 65
64 66
66 67
61 68
68 69
68 70
61 71
71 72
72 73
71 74
74 75
2 76
76 77
76 78
78 79
79 80
80 81
79 82
82 83
83 84
84 85
85 86
79 87
87 88
88 89
88 90
87 91
91 92
92 93
91 94
87 95
95 96
87 97
97 98
98 99
99 100
100 101
99 102
102 103
98 104
79 105
105 106
106 107
107 108
108 109
107 110
106 111
111 112
112 113
111 114
114 115
105 116
116 117
117 118
118 119
119 120
118 121
121 122
117 123
116 124
124 125
125 126
125 127
124 128
128 129
129 130
128 131
124 132
132 133
124 134
105 135
79 136
136 137
137 138
2 139
139 140
140 141
141 142
140 143
143 144
143 145
145 146
140 147
147 148
148 149
149 150
150 151
151 152
152 153
153 154
152 155
155 156
156 157
151 158
158 159
149 160
147 161
161 162
161 163
161 164
140 165
165 166
166 167
165 168
168 169
2 170
170 171
171 172
172 173
173 174
171 175
175 176
176 177
