1 2
2 3
3 4
3 5
5 6
6 7
7 8
6 9
9 10
10 11
11 12
12 13
6 14
14 15
15 16
15 17
14 18
18 19
19 20
18 21
14 22
22 23
14 24
24 25
25 26
26 27
27 28
26 29
29 30
25 31
6 32
32 33
33 34
34 35
33 36
32 37
37 38
38 39
39 40
40 41
39 42
42 43
38 44
37 45
45 46
46 47
46 48
45 49
49 50
50 51
49 52
45 53
53 54
45 55
32 56
6 57
57 58
58 59
2 60
60 61
61 62
62 63
61 64
64 65
65 66
65 67
67 68
61 69
69 70
69 71
71 72
61 73
73 74
73 75
61 76
76 77
77 78
76 79
79 80
2 81
81 82
81 83
83 84
84 85
85 86
84 87
87 88
88 89
89 90
90 91
84 92
92 93
93 94
93 95
92 96
96 97
97 98
96 99
92 100
100 101
92 102
102 103
103 104
104 105
105 106
104 107
107 108
103 109
84 110
110 111
111 112
112 113
113 114
112 115
111 116
116 117
117 118
116 119
119 120
110 121
121 122
122 123
123 124
124 125
123 126
126 127
122 128
121 129
129 130
130 131
130 132
129 133
133 134
134 135
133 136
129 137
137 138
129 139
110 140
84 141
141 142
142 143
2 144
144 145
145 146
146 147
145 148
148 149
149 150
149 151
151 152
145 153
153 154
153 155
155 156
145 157
157 158
158 159
159 160
160 161
161 162
162 163
163 164
162 165
165 166
166 167
161 168
168 169
159 170
157 171
171 172
171 173
171 174
145 175
175 176
176 177
175 178
178 179
2 180
180 181
181 182
182 183
183 184
181 185
185 186
186 187
