1 2
2 3
3 4
3 5
5 6
6 7
6 8
2 9
9 10
10 11
11 12
10 13
13 14
13 15
15 16
10 17
17 18
18 19
17 20
10 21
21 22
22 23
21 24
24 25
25 26
26 27
27 28
21 29
29 30
30 31
30 32
29 33
33 34
34 35
33 36
29 37
37 38
29 39
39 40
40 41
41 42
42 43
41 44
44 45
40 46
21 47
47 48
48 49
49 50
48 51
47 52
52 53
53 54
54 55
55 56
54 57
57 58
53 59
52 60
60 61
61 62
61 63
60 64
64 65
65 66
64 67
60 68
68 69
60 70
47 71
21 72
72 73
73 74
2 75
75 76
75 77
77 78
78 79
79 80
80 81
81 82
82 83
83 84
84 85
83 86
86 87
87 88
82 89
89 90
80 91
78 92
92 93
92 94
92 95
2 96
96 97
97 98
98 99
97 100
100 101
100 102
102 103
97 104
104 105
105 106
104 107
97 108
108 109
109 110
108 111
111 112
112 113
113 114
114 115
108 116
116 117
117 118
117 119
116 120
120 121
121 122
120 123
116 124
124 125
116 126
126 127
127 128
128 129
129 130
128 131
131 132
127 133
108 134
134 135
135 136
136 137
137 138
136 139
135 140
140 141
141 142
140 143
143 144
134 145
145 146
146 147
147 148
148 149
147 150
150 151
146 152
145 153
153 154
154 155
154 156
153 157
157 158
158 159
157 160
153 161
161 162
153 163
134 164
108 165
165 166
166 167
2 168
168 169
169 170
170 171
171 172
169 173
173 174
174 175
