1 2
2 3
2 4
2 5
2 6
6 7
7 8
8 9
9 10
10 11
7 12
12 13
13 14
12 15
15 16
16 17
17 18
18 19
12 20
20 21
21 22
21 23
20 24
24 25
25 26
24 27
20 28
28 29
20 30
30 31
31 32
32 33
33 34
32 35
35 36
31 37
12 38
38 39
39 40
40 41
39 42
38 43
43 44
44 45
45 46
46 47
45 48
48 49
44 50
43 51
51 52
52 53
52 54
51 55
55 56
56 57
55 58
51 59
59 60
51 61
38 62
12 63
63 64
64 65
2 66
66 67
67 68
68 69
67 70
70 71
70 72
72 73
67 74
74 75
74 76
67 77
77 78
77 79
79 80
67 81
81 82
82 83
2 84
84 85
85 86
86 87
87 88
88 89
85 90
90 91
91 92
90 93
93 94
94 95
95 96
96 97
90 98
98 99
99 100
99 101
98 102
102 103
103 104
102 105
98 106
106 107
98 108
108 109
109 110
110 111
111 112
110 113
113 114
109 115
90 116
116 117
117 118
118 119
119 120
118 121
117 122
122 123
123 124
122 125
125 126
116 127
127 128
128 129
129 130
130 131
129 132
132 133
128 134
127 135
135 136
136 137
136 138
135 139
139 140
140 141
139 142
135 143
143 144
135 145
116 146
90 147
147 148
148 149
2 150
150 151
151 152
152 153
151 154
154 155
154 156
156 157
151 158
158 159
159 160
160 161
161 162
162 163
163 164
164 165
163 166
166 167
167 168
162 169
169 170
160 171
158 172
172 173
172 174
172 175
151 176
176 177
176 178
178 179
151 180
180 181
181 182
2 183
183 184
184 185
185 186
186 187
184 188
188 189
189 190
