1 2
2 3
3 4
4 5
5 6
4 7
7 8
8 9
4 10
10 11
10 12
12 13
4 14
14 15
14 16
4 17
17 18
18 19
19 20
20 21
17 22
22 23
23 24
22 25
25 26
26 27
27 28
28 29
22 30
30 31
31 32
31 33
30 34
34 35
35 36
34 37
30 38
38 39
30 40
40 41
41 42
42 43
43 44
42 45
45 46
41 47
22 48
48 49
49 50
50 51
49 52
48 53
53 54
54 55
55 56
56 57
55 58
58 59
54 60
53 61
61 62
62 63
62 64
61 65
65 66
66 67
65 68
61 69
69 70
61 71
48 72
22 73
73 74
74 75
2 76
76 77
77 78
78 79
77 80
80 81
81 82
77 83
83 84
83 85
85 86
77 87
87 88
88 89
89 90
90 91
91 92
92 93
93 94
92 95
95 96
96 97
91 98
98 99
89 100
87 101
101 102
101 103
101 104
77 105
105 106
106 107
107 108
108 109
105 110
110 111
111 112
110 113
113 114
114 115
115 116
116 117
110 118
118 119
119 120
119 121
118 122
122 123
123 124
122 125
118 126
126 127
118 128
128 129
129 130
130 131
131 132
130 133
133 134
129 135
110 136
136 137
137 138
138 139
139 140
138 141
137 142
142 143
143 144
142 145
145 146
136 147
147 148
148 149
149 150
150 151
149 152
152 153
148 154
147 155
155 156
156 157
156 158
155 159
159 160
160 161
159 162
155 163
163 164
155 165
136 166
110 167
167 168
168 169
2 170
170 171
171 172
172 173
173 174
171 175
175 176
176 177
