1 2
2 3
3 4
4 5
5 6
4 7
7 8
7 9
9 10
4 11
11 12
12 13
11 14
4 15
15 16
16 17
15 18
15 19
19 20
20 21
21 22
20 23
23 24
24 25
25 26
26 27
20 28
28 29
29 30
29 31
28 32
32 33
33 34
32 35
28 36
36 37
28 38
38 39
39 40
40 41
41 42
40 43
43 44
39 45
20 46
46 47
47 48
48 49
49 50
48 51
47 52
52 53
53 54
52 55
55 56
46 57
57 58
58 59
59 60
60 61
59 62
62 63
58 64
57 65
65 66
66 67
66 68
65 69
69 70
70 71
69 72
65 73
73 74
65 75
46 76
20 77
77 78
78 79
2 80
80 81
81 82
82 83
81 84
84 85
84 86
86 87
81 88
88 89
89 90
88 91
81 92
92 93
93 94
92 95
95 96
96 97
97 98
96 99
99 100
100 101
101 102
102 103
96 104
104 105
105 106
105 107
104 108
108 109
109 110
108 111
104 112
112 113
104 114
114 115
115 116
116 117
117 118
116 119
119 120
115 121
96 122
122 123
123 124
124 125
125 126
124 127
123 128
128 129
129 130
128 131
131 132
122 133
133 134
134 135
135 136
136 137
135 138
138 139
134 140
133 141
141 142
142 143
142 144
141 145
145 146
146 147
145 148
141 149
149 150
141 151
122 152
96 153
153 154
154 155
2 156
156 157
157 158
158 159
157 160
160 161
160 162
162 163
157 164
164 165
165 166
164 167
164 168
168 169
169 170
169 171
157 172
172 173
173 174
172 175
175 176
176 177
177 178
176 179
179 180
180 181
181 182
182 183
176 184
184 185
185 186
185 187
184 188
188 189
189 190
188 191
184 192
192 193
184 194
194 195
195 196
196 197
197 198
196 199
199 200
195 201
176 202
202 203
203 204
204 205
203 206
202 207
207 208
208 209
209 210
210 211
209 212
212 213
208 214
207 215
215 216
216 217
216 218
215 219
219 220
220 221
219 222
215 223
223 224
215 225
202 226
176 227
227 228
228 229
2 230
230 231
231 232
232 233
231 234
234 235
234 236
236 237
231 238
238 239
239 240
238 241
241 242
242 243
242 244
231 245
245 246
246 247
245 248
248 249
249 250
250 251
249 252
252 253
253 254
254 255
255 256
249 257
257 258
258 259
258 260
257 261
261 262
262 263
261 264
257 265
265 266
257 267
267 268
268 269
269 270
270 271
269 272
272 273
268 274
249 275
275 276
276 277
277 278
276 279
275 280
280 281
281 282
282 283
283 284
282 285
285 286
281 287
280 288
288 289
289 290
289 291
288 292
292 293
293 294
292 295
288 296
296 297
288 298
275 299
249 300
300 301
301 302
2 303
303 304
304 305
305 306
306 307
304 308
308 309
309 310
304 311
311 312
312 313
304 314
314 315
315 316
