1 2
2 3
3 4
4 5
5 6
4 7
7 8
7 9
9 10
4 11
11 12
11 13
4 14
14 15
15 16
14 17
17 18
18 19
19 20
20 21
14 22
22 23
23 24
23 25
22 26
26 27
27 28
26 29
22 30
30 31
22 32
32 33
33 34
34 35
35 36
34 37
37 38
33 39
14 40
40 41
41 42
42 43
41 44
40 45
45 46
46 47
47 48
48 49
47 50
50 51
46 52
45 53
53 54
54 55
54 56
53 57
57 58
58 59
57 60
53 61
61 62
53 63
40 64
14 65
65 66
66 67
2 68
68 69
69 70
70 71
69 72
72 73
72 74
74 75
69 76
76 77
77 78
76 79
79 80
80 81
81 82
82 83
76 84
84 85
85 86
85 87
84 88
88 89
89 90
88 91
84 92
92 93
84 94
94 95
95 96
96 97
97 98
96 99
99 100
95 101
76 102
102 103
103 104
104 105
105 106
104 107
103 108
108 109
109 110
108 111
111 112
102 113
113 114
114 115
115 116
116 117
115 118
118 119
114 120
113 121
121 122
122 123
122 124
121 125
125 126
126 127
125 128
121 129
129 130
121 131
102 132
76 133
133 134
134 135
2 136
136 137
137 138
138 139
139 140
137 141
141 142
142 143
