1 2
2 3
3 4
4 5
5 6
4 7
7 8
8 9
4 10
10 11
10 12
12 13
4 14
14 15
14 16
4 17
17 18
18 19
19 20
20 21
17 22
22 23
23 24
22 25
25 26
26 27
27 28
28 29
22 30
30 31
31 32
31 33
30 34
34 35
35 36
34 37
30 38
38 39
30 40
40 41
41 42
42 43
43 44
42 45
45 46
41 47
22 48
48 49
49 50
50 51
49 52
48 53
53 54
54 55
55 56
56 57
55 58
58 59
54 60
53 61
61 62
62 63
62 64
61 65
65 66
66 67
65 68
61 69
69 70
61 71
48 72
22 73
73 74
74 75
2 76
76 77
77 78
78 79
77 80
80 81
81 82
77 83
83 84
83 85
85 86
77 87
87 88
88 89
89 90
90 91
87 92
92 93
93 94
92 95
95 96
96 97
97 98
98 99
92 100
100 101
101 102
101 103
100 104
104 105
105 106
104 107
100 108
108 109
100 110
110 111
111 112
112 113
113 114
112 115
115 116
111 117
92 118
118 119
119 120
120 121
121 122
120 123
119 124
124 125
125 126
124 127
127 128
118 129
129 130
130 131
131 132
132 133
131 134
134 135
130 136
129 137
137 138
138 139
138 140
137 141
141 142
142 143
141 144
137 145
145 146
137 147
118 148
92 149
149 150
150 151
2 152
152 153
153 154
154 155
155 156
153 157
157 158
158 159
