1 2
2 3
3 4
4 5
5 6
4 7
7 8
7 9
9 10
4 11
11 12
4 13
13 14
4 15
15 16
4 17
17 18
18 19
19 20
18 21
21 22
22 23
23 24
24 25
18 26
26 27
27 28
27 29
26 30
30 31
31 32
30 33
26 34
34 35
26 36
36 37
37 38
38 39
39 40
38 41
41 42
37 43
18 44
44 45
45 46
46 47
47 48
46 49
45 50
50 51
51 52
50 53
53 54
44 55
55 56
56 57
57 58
58 59
57 60
60 61
56 62
55 63
63 64
64 65
64 66
63 67
67 68
68 69
67 70
63 71
71 72
63 73
44 74
18 75
75 76
76 77
2 78
78 79
79 80
80 81
79 82
82 83
82 84
84 85
79 86
86 87
79 88
88 89
89 90
89 91
79 92
92 93
79 94
94 95
95 96
96 97
95 98
98 99
99 100
100 101
101 102
95 103
103 104
104 105
104 106
103 107
107 108
108 109
107 110
103 111
111 112
103 113
113 114
114 115
115 116
116 117
115 118
118 119
114 120
95 121
121 122
122 123
123 124
122 125
121 126
126 127
127 128
128 129
129 130
128 131
131 132
127 133
126 134
134 135
135 136
135 137
134 138
138 139
139 140
138 141
134 142
142 143
134 144
121 145
95 146
146 147
147 148
2 149
149 150
150 151
151 152
152 153
150 154
154 155
155 156
