1 2
2 3
3 4
4 5
5 6
5 7
4 8
8 9
4 10
10 11
10 12
12 13
4 14
14 15
15 16
15 17
14 18
18 19
19 20
18 21
14 22
22 23
14 24
4 25
25 26
26 27
26 28
25 29
29 30
30 31
29 32
25 33
33 34
25 35
35 36
36 37
37 38
36 39
39 40
40 41
41 42
42 43
36 44
44 45
45 46
45 47
44 48
48 49
49 50
48 51
44 52
52 53
44 54
54 55
55 56
56 57
57 58
56 59
59 60
55 61
36 62
62 63
63 64
64 65
65 66
64 67
63 68
68 69
69 70
68 71
71 72
62 73
73 74
74 75
75 76
76 77
75 78
78 79
74 80
73 81
81 82
82 83
82 84
81 85
85 86
86 87
85 88
81 89
89 90
81 91
62 92
36 93
93 94
94 95
2 96
96 97
97 98
98 99
98 100
97 101
101 102
97 103
103 104
103 105
105 106
97 107
107 108
108 109
108 110
107 111
111 112
112 113
111 114
107 115
115 116
107 117
117 118
118 119
118 120
97 121
121 122
122 123
122 124
121 125
125 126
126 127
125 128
121 129
129 130
121 131
131 132
132 133
133 134
132 135
135 136
136 137
137 138
138 139
132 140
140 141
141 142
141 143
140 144
144 145
145 146
144 147
140 148
148 149
140 150
150 151
151 152
152 153
153 154
152 155
155 156
151 157
132 158
158 159
159 160
160 161
159 162
158 163
163 164
164 165
165 166
166 167
165 168
168 169
164 170
163 171
171 172
172 173
172 174
171 175
175 176
176 177
175 178
171 179
179 180
171 181
158 182
132 183
183 184
184 185
2 186
186 187
187 188
188 189
189 190
187 191
191 192
192 193
