1 2
2 3
3 4
3 5
5 6
6 7
6 8
5 9
9 10
10 11
2 12
12 13
13 14
14 15
13 16
16 17
16 18
18 19
13 20
20 21
20 22
22 23
23 24
22 25
25 26
13 27
27 28
28 29
27 30
30 31
31 32
32 33
33 34
27 35
35 36
36 37
36 38
35 39
39 40
40 41
39 42
35 43
43 44
35 45
45 46
46 47
47 48
48 49
47 50
50 51
46 52
27 53
53 54
54 55
55 56
54 57
53 58
58 59
59 60
60 61
61 62
60 63
63 64
59 65
58 66
66 67
67 68
67 69
66 70
70 71
71 72
70 73
66 74
74 75
66 76
53 77
27 78
78 79
79 80
2 81
81 82
81 83
83 84
84 85
85 86
2 87
87 88
88 89
89 90
88 91
91 92
91 93
93 94
88 95
95 96
95 97
97 98
98 99
97 100
100 101
88 102
102 103
103 104
102 105
105 106
106 107
107 108
108 109
102 110
110 111
111 112
111 113
110 114
114 115
115 116
114 117
110 118
118 119
110 120
120 121
121 122
122 123
123 124
122 125
125 126
121 127
102 128
128 129
129 130
130 131
131 132
130 133
129 134
134 135
135 136
134 137
137 138
128 139
139 140
140 141
141 142
142 143
141 144
144 145
140 146
139 147
147 148
148 149
148 150
147 151
151 152
152 153
151 154
147 155
155 156
147 157
128 158
102 159
159 160
160 161
2 162
162 163
163 164
164 165
165 166
163 167
167 168
168 169
