1 2
2 3
3 4
4 5
5 6
4 7
7 8
7 9
9 10
4 11
11 12
12 13
12 14
11 15
15 16
16 17
16 18
4 19
19 20
20 21
20 22
19 23
19 24
24 25
25 26
26 27
25 28
28 29
29 30
30 31
31 32
25 33
33 34
34 35
34 36
33 37
37 38
38 39
37 40
33 41
41 42
33 43
43 44
44 45
45 46
46 47
45 48
48 49
44 50
25 51
51 52
52 53
53 54
54 55
53 56
52 57
57 58
58 59
57 60
60 61
51 62
62 63
63 64
64 65
65 66
64 67
67 68
63 69
62 70
70 71
71 72
71 73
70 74
74 75
75 76
74 77
70 78
78 79
70 80
51 81
25 82
82 83
83 84
2 85
85 86
86 87
87 88
86 89
89 90
89 91
91 92
86 93
93 94
94 95
94 96
93 97
97 98
98 99
98 100
86 101
101 102
102 103
102 104
101 105
105 106
106 107
107 108
106 109
109 110
110 111
111 112
112 113
106 114
114 115
115 116
115 117
114 118
118 119
119 120
118 121
114 122
122 123
114 124
124 125
125 126
126 127
127 128
126 129
129 130
125 131
106 132
132 133
133 134
134 135
135 136
134 137
133 138
138 139
139 140
138 141
141 142
132 143
143 144
144 145
145 146
146 147
145 148
148 149
144 150
143 151
151 152
152 153
152 154
151 155
155 156
156 157
155 158
151 159
159 160
151 161
132 162
106 163
163 164
164 165
2 166
166 167
167 168
168 169
167 170
170 171
170 172
172 173
167 174
174 175
175 176
175 177
174 178
174 179
179 180
180 181
180 182
167 183
183 184
184 185
184 186
183 187
187 188
188 189
189 190
188 191
191 192
192 193
193 194
194 195
188 196
196 197
197 198
197 199
196 200
200 201
201 202
200 203
196 204
204 205
196 206
206 207
207 208
208 209
209 210
208 211
211 212
207 213
188 214
214 215
215 216
216 217
215 218
214 219
219 220
220 221
221 222
222 223
221 224
224 225
220 226
219 227
227 228
228 229
228 230
227 231
231 232
232 233
231 234
227 235
235 236
227 237
214 238
188 239
239 240
240 241
2 242
242 243
243 244
244 245
243 246
246 247
246 248
248 249
243 250
250 251
251 252
251 253
250 254
254 255
255 256
255 257
243 258
258 259
259 260
259 261
258 262
262 263
263 264
264 265
263 266
266 267
267 268
268 269
269 270
263 271
271 272
272 273
272 274
271 275
275 276
276 277
275 278
271 279
279 280
271 281
281 282
282 283
283 284
284 285
283 286
286 287
282 288
263 289
289 290
290 291
291 292
290 293
289 294
294 295
295 296
296 297
297 298
296 299
299 300
295 301
294 302
302 303
303 304
303 305
302 306
306 307
307 308
306 309
302 310
310 311
302 312
289 313
263 314
314 315
315 316
2 317
317 318
318 319
319 320
320 321
318 322
322 323
323 324
318 325
325 326
326 327
318 328
328 329
329 330
