1 2
2 3
1 4
4 5
1 6
6 7
7 8
8 9
9 10
8 11
11 12
11 13
13 14
8 15
15 16
16 17
17 18
15 19
19 20
20 21
20 22
8 23
23 24
24 25
25 26
23 27
23 28
28 29
29 30
30 31
29 32
32 33
33 34
34 35
35 36
29 37
37 38
38 39
38 40
37 41
41 42
42 43
41 44
37 45
45 46
37 47
47 48
48 49
49 50
50 51
49 52
52 53
48 54
29 55
55 56
56 57
57 58
58 59
57 60
56 61
61 62
62 63
61 64
64 65
55 66
66 67
67 68
68 69
69 70
68 71
71 72
67 73
66 74
74 75
75 76
75 77
74 78
78 79
79 80
78 81
74 82
82 83
74 84
55 85
29 86
86 87
87 88
6 89
89 90
90 91
91 92
90 93
93 94
93 95
95 96
90 97
97 98
98 99
99 100
97 101
101 102
102 103
102 104
90 105
105 106
106 107
107 108
105 109
109 110
110 111
111 112
110 113
113 114
114 115
115 116
116 117
110 118
118 119
119 120
119 121
118 122
122 123
123 124
122 125
118 126
126 127
118 128
128 129
129 130
130 131
131 132
130 133
133 134
129 135
110 136
136 137
137 138
138 139
139 140
138 141
137 142
142 143
143 144
142 145
145 146
136 147
147 148
148 149
149 150
150 151
149 152
152 153
148 154
147 155
155 156
156 157
156 158
155 159
159 160
160 161
159 162
155 163
163 164
155 165
136 166
110 167
167 168
168 169
6 170
170 171
171 172
172 173
171 174
174 175
174 176
176 177
171 178
178 179
179 180
180 181
178 182
178 183
183 184
184 185
184 186
171 187
187 188
188 189
189 190
187 191
191 192
192 193
193 194
192 195
195 196
196 197
197 198
198 199
192 200
200 201
201 202
201 203
200 204
204 205
205 206
204 207
200 208
208 209
200 210
210 211
211 212
212 213
213 214
212 215
215 216
211 217
192 218
218 219
219 220
220 221
219 222
218 223
223 224
224 225
225 226
226 227
225 228
228 229
224 230
223 231
231 232
232 233
232 234
231 235
235 236
236 237
235 238
231 239
239 240
231 241
218 242
192 243
243 244
244 245
6 246
246 247
247 248
248 249
247 250
250 251
250 252
252 253
247 254
254 255
255 256
256 257
254 258
258 259
259 260
259 261
247 262
262 263
263 264
264 265
262 266
266 267
267 268
268 269
267 270
270 271
271 272
272 273
273 274
267 275
275 276
276 277
276 278
275 279
279 280
280 281
279 282
275 283
283 284
275 285
285 286
286 287
287 288
288 289
287 290
290 291
286 292
267 293
293 294
294 295
295 296
294 297
293 298
298 299
299 300
300 301
301 302
300 303
303 304
299 305
298 306
306 307
307 308
307 309
306 310
310 311
311 312
310 313
306 314
314 315
306 316
293 317
267 318
318 319
319 320
6 321
321 322
322 323
323 324
324 325
322 326
326 327
327 328
322 329
329 330
330 331
322 332
332 333
333 334
