1 2
2 3
3 4
4 5
5 6
4 7
7 8
7 9
9 10
4 11
11 12
11 13
4 14
14 15
15 16
14 17
17 18
18 19
19 20
20 21
14 22
22 23
23 24
23 25
22 26
26 27
27 28
26 29
22 30
30 31
22 32
32 33
33 34
34 35
35 36
34 37
37 38
33 39
14 40
40 41
41 42
42 43
41 44
40 45
45 46
46 47
47 48
48 49
47 50
50 51
46 52
45 53
53 54
54 55
54 56
53 57
57 58
58 59
57 60
53 61
61 62
53 63
40 64
14 65
65 66
66 67
2 68
68 69
69 70
70 71
69 72
72 73
72 74
74 75
69 76
76 77
76 78
69 79
79 80
80 81
79 82
82 83
83 84
84 85
85 86
79 87
87 88
88 89
88 90
87 91
91 92
92 93
91 94
87 95
95 96
87 97
97 98
98 99
99 100
100 101
99 102
102 103
98 104
79 105
105 106
106 107
107 108
108 109
107 110
106 111
111 112
112 113
111 114
114 115
105 116
116 117
117 118
118 119
119 120
118 121
121 122
117 123
116 124
124 125
125 126
125 127
124 128
128 129
129 130
128 131
124 132
132 133
124 134
105 135
79 136
136 137
137 138
2 139
139 140
140 141
141 142
142 143
140 144
144 145
145 146
