1 2
2 3
3 4
4 5
5 6
4 7
7 8
7 9
9 10
4 11
11 12
12 13
11 14
14 15
15 16
15 17
4 18
18 19
19 20
18 21
18 22
22 23
23 24
24 25
23 26
26 27
27 28
28 29
29 30
23 31
31 32
32 33
32 34
31 35
35 36
36 37
35 38
31 39
39 40
31 41
41 42
42 43
43 44
44 45
43 46
46 47
42 48
23 49
49 50
50 51
51 52
52 53
51 54
50 55
55 56
56 57
55 58
58 59
49 60
60 61
61 62
62 63
63 64
62 65
65 66
61 67
60 68
68 69
69 70
69 71
68 72
72 73
73 74
72 75
68 76
76 77
68 78
49 79
23 80
80 81
81 82
2 83
83 84
84 85
85 86
84 87
87 88
87 89
89 90
84 91
91 92
92 93
91 94
94 95
95 96
95 97
84 98
98 99
99 100
98 101
101 102
102 103
103 104
102 105
105 106
106 107
107 108
108 109
102 110
110 111
111 112
111 113
110 114
114 115
115 116
114 117
110 118
118 119
110 120
120 121
121 122
122 123
123 124
122 125
125 126
121 127
102 128
128 129
129 130
130 131
131 132
130 133
129 134
134 135
135 136
134 137
137 138
128 139
139 140
140 141
141 142
142 143
141 144
144 145
140 146
139 147
147 148
148 149
148 150
147 151
151 152
152 153
151 154
147 155
155 156
147 157
128 158
102 159
159 160
160 161
2 162
162 163
163 164
164 165
163 166
166 167
166 168
168 169
163 170
170 171
171 172
170 173
170 174
174 175
175 176
175 177
163 178
178 179
179 180
178 181
181 182
182 183
183 184
182 185
185 186
186 187
187 188
188 189
182 190
190 191
191 192
191 193
190 194
194 195
195 196
194 197
190 198
198 199
190 200
200 201
201 202
202 203
203 204
202 205
205 206
201 207
182 208
208 209
209 210
210 211
209 212
208 213
213 214
214 215
215 216
216 217
215 218
218 219
214 220
213 221
221 222
222 223
222 224
221 225
225 226
226 227
225 228
221 229
229 230
221 231
208 232
182 233
233 234
234 235
2 236
236 237
237 238
238 239
237 240
240 241
240 242
242 243
237 244
244 245
245 246
244 247
247 248
248 249
248 250
237 251
251 252
252 253
251 254
254 255
255 256
256 257
255 258
258 259
259 260
260 261
261 262
255 263
263 264
264 265
264 266
263 267
267 268
268 269
267 270
263 271
271 272
263 273
273 274
274 275
275 276
276 277
275 278
278 279
274 280
255 281
281 282
282 283
283 284
282 285
281 286
286 287
287 288
288 289
289 290
288 291
291 292
287 293
286 294
294 295
295 296
295 297
294 298
298 299
299 300
298 301
294 302
302 303
294 304
281 305
255 306
306 307
307 308
2 309
309 310
310 311
311 312
312 313
310 314
314 315
315 316
310 317
317 318
318 319
310 320
320 321
321 322
