1 2
2 3
3 4
4 5
5 6
4 7
7 8
7 9
9 10
4 11
11 12
11 13
13 14
14 15
14 16
16 17
16 18
13 19
13 20
20 21
13 22
4 23
23 24
23 25
25 26
26 27
26 28
25 29
25 30
30 31
31 32
32 33
31 34
34 35
35 36
36 37
37 38
31 39
39 40
40 41
40 42
39 43
43 44
44 45
43 46
39 47
47 48
39 49
49 50
50 51
51 52
52 53
51 54
54 55
50 56
31 57
57 58
58 59
59 60
60 61
59 62
58 63
63 64
64 65
63 66
66 67
57 68
68 69
69 70
70 71
71 72
70 73
73 74
69 75
68 76
76 77
77 78
77 79
76 80
80 81
81 82
80 83
76 84
84 85
76 86
57 87
31 88
88 89
89 90
25 91
2 92
92 93
93 94
94 95
93 96
96 97
96 98
98 99
93 100
100 101
100 102
102 103
103 104
103 105
105 106
105 107
102 108
102 109
109 110
102 111
93 112
112 113
112 114
114 115
115 116
115 117
117 118
118 119
117 120
120 121
121 122
122 123
123 124
117 125
125 126
126 127
126 128
125 129
129 130
130 131
129 132
125 133
133 134
125 135
135 136
136 137
137 138
138 139
137 140
140 141
136 142
117 143
143 144
144 145
145 146
146 147
145 148
144 149
149 150
150 151
149 152
152 153
143 154
154 155
155 156
156 157
157 158
156 159
159 160
155 161
154 162
162 163
163 164
163 165
162 166
166 167
167 168
166 169
162 170
170 171
162 172
143 173
117 174
174 175
175 176
114 177
114 178
178 179
114 180
2 181
181 182
182 183
183 184
182 185
185 186
185 187
187 188
182 189
189 190
189 191
191 192
192 193
192 194
191 195
191 196
196 197
197 198
197 199
191 200
182 201
201 202
201 203
203 204
204 205
204 206
206 207
207 208
206 209
209 210
210 211
211 212
212 213
206 214
214 215
215 216
215 217
214 218
218 219
219 220
218 221
214 222
222 223
214 224
224 225
225 226
226 227
227 228
226 229
229 230
225 231
206 232
232 233
233 234
234 235
233 236
232 237
237 238
238 239
239 240
240 241
239 242
242 243
238 244
237 245
245 246
246 247
246 248
245 249
249 250
250 251
249 252
245 253
253 254
245 255
232 256
206 257
257 258
258 259
203 260
203 261
261 262
203 263
2 264
264 265
265 266
266 267
265 268
268 269
268 270
270 271
265 272
272 273
272 274
274 275
275 276
275 277
277 278
277 279
274 280
274 281
281 282
274 283
265 284
284 285
284 286
286 287
287 288
287 289
289 290
290 291
289 292
292 293
293 294
294 295
295 296
289 297
297 298
298 299
298 300
297 301
301 302
302 303
301 304
297 305
305 306
297 307
307 308
308 309
309 310
310 311
309 312
312 313
308 314
289 315
315 316
316 317
317 318
316 319
315 320
320 321
321 322
322 323
323 324
322 325
325 326
321 327
320 328
328 329
329 330
329 331
328 332
332 333
333 334
332 335
328 336
336 337
328 338
315 339
289 340
340 341
341 342
286 343
286 344
344 345
286 346
2 347
347 348
348 349
349 350
350 351
348 352
352 353
353 354
348 355
355 356
356 357
348 358
358 359
359 360
