1 2
2 3
3 4
4 5
5 6
4 7
7 8
7 9
9 10
4 11
11 12
12 13
11 14
14 15
15 16
15 17
14 18
4 19
19 20
20 21
19 22
22 23
23 24
24 25
23 26
26 27
27 28
28 29
29 30
23 31
31 32
32 33
32 34
31 35
35 36
36 37
35 38
31 39
39 40
31 41
41 42
42 43
43 44
44 45
43 46
46 47
42 48
23 49
49 50
50 51
51 52
52 53
51 54
50 55
55 56
56 57
55 58
58 59
49 60
60 61
61 62
62 63
63 64
62 65
65 66
61 67
60 68
68 69
69 70
69 71
68 72
72 73
73 74
72 75
68 76
76 77
68 78
49 79
23 80
80 81
81 82
22 83
2 84
84 85
85 86
86 87
85 88
88 89
88 90
90 91
85 92
92 93
93 94
92 95
95 96
96 97
96 98
95 99
85 100
100 101
101 102
100 103
103 104
104 105
105 106
104 107
107 108
108 109
109 110
110 111
104 112
112 113
113 114
113 115
112 116
116 117
117 118
116 119
112 120
120 121
112 122
122 123
123 124
124 125
125 126
124 127
127 128
123 129
104 130
130 131
131 132
132 133
131 134
130 135
135 136
136 137
137 138
138 139
137 140
140 141
136 142
135 143
143 144
144 145
144 146
143 147
147 148
148 149
147 150
143 151
151 152
143 153
130 154
104 155
155 156
156 157
103 158
2 159
159 160
160 161
161 162
162 163
160 164
164 165
165 166
