1 2
2 3
3 4
4 5
5 6
4 7
7 8
7 9
9 10
4 11
11 12
11 13
13 14
14 15
14 16
11 17
17 18
18 19
18 20
4 21
21 22
21 23
23 24
24 25
25 26
24 27
27 28
28 29
29 30
30 31
24 32
32 33
33 34
33 35
32 36
36 37
37 38
36 39
32 40
40 41
32 42
42 43
43 44
44 45
45 46
44 47
47 48
43 49
24 50
50 51
51 52
52 53
53 54
52 55
51 56
56 57
57 58
56 59
59 60
50 61
61 62
62 63
63 64
64 65
63 66
66 67
62 68
61 69
69 70
70 71
70 72
69 73
73 74
74 75
73 76
69 77
77 78
69 79
50 80
24 81
81 82
82 83
21 84
84 85
85 86
86 87
85 88
88 89
89 90
90 91
91 92
85 93
93 94
94 95
94 96
93 97
97 98
98 99
97 100
93 101
101 102
93 103
103 104
104 105
105 106
106 107
105 108
108 109
104 110
85 111
111 112
112 113
113 114
114 115
113 116
112 117
117 118
118 119
117 120
120 121
111 122
122 123
123 124
124 125
125 126
124 127
127 128
123 129
122 130
130 131
131 132
131 133
130 134
134 135
135 136
134 137
130 138
138 139
130 140
111 141
85 142
142 143
143 144
2 145
145 146
146 147
147 148
146 149
149 150
149 151
151 152
146 153
153 154
153 155
155 156
156 157
156 158
153 159
159 160
160 161
160 162
146 163
163 164
163 165
165 166
166 167
167 168
166 169
169 170
170 171
171 172
172 173
166 174
174 175
175 176
175 177
174 178
178 179
179 180
178 181
174 182
182 183
174 184
184 185
185 186
186 187
187 188
186 189
189 190
185 191
166 192
192 193
193 194
194 195
193 196
192 197
197 198
198 199
199 200
200 201
199 202
202 203
198 204
197 205
205 206
206 207
206 208
205 209
209 210
210 211
209 212
205 213
213 214
205 215
192 216
166 217
217 218
218 219
163 220
220 221
221 222
222 223
221 224
224 225
225 226
226 227
227 228
221 229
229 230
230 231
230 232
229 233
233 234
234 235
233 236
229 237
237 238
229 239
239 240
240 241
241 242
242 243
241 244
244 245
240 246
221 247
247 248
248 249
249 250
248 251
247 252
252 253
253 254
254 255
255 256
254 257
257 258
253 259
252 260
260 261
261 262
261 263
260 264
264 265
265 266
264 267
260 268
268 269
260 270
247 271
221 272
272 273
273 274
2 275
275 276
276 277
277 278
278 279
276 280
280 281
281 282
