1 2
2 3
3 4
4 5
5 6
4 7
7 8
7 9
9 10
4 11
11 12
11 13
13 14
14 15
14 16
4 17
17 18
17 19
17 20
20 21
21 22
22 23
21 24
24 25
25 26
26 27
27 28
21 29
29 30
30 31
30 32
29 33
33 34
34 35
33 36
29 37
37 38
29 39
39 40
40 41
41 42
42 43
41 44
44 45
40 46
21 47
47 48
48 49
49 50
50 51
49 52
48 53
53 54
54 55
53 56
56 57
47 58
58 59
59 60
60 61
61 62
60 63
63 64
59 65
58 66
66 67
67 68
67 69
66 70
70 71
71 72
70 73
66 74
74 75
66 76
47 77
21 78
78 79
79 80
2 81
81 82
82 83
83 84
82 85
85 86
85 87
87 88
82 89
89 90
89 91
91 92
92 93
92 94
82 95
95 96
95 97
97 98
98 99
99 100
98 101
101 102
102 103
103 104
104 105
98 106
106 107
107 108
107 109
106 110
110 111
111 112
110 113
106 114
114 115
106 116
116 117
117 118
118 119
119 120
118 121
121 122
117 123
98 124
124 125
125 126
126 127
127 128
126 129
125 130
130 131
131 132
130 133
133 134
124 135
135 136
136 137
137 138
138 139
137 140
140 141
136 142
135 143
143 144
144 145
144 146
143 147
147 148
148 149
147 150
143 151
151 152
143 153
124 154
98 155
155 156
156 157
2 158
158 159
159 160
160 161
159 162
162 163
162 164
164 165
159 166
166 167
166 168
166 169
169 170
170 171
170 172
159 173
173 174
173 175
175 176
176 177
177 178
176 179
179 180
180 181
181 182
182 183
176 184
184 185
185 186
185 187
184 188
188 189
189 190
188 191
184 192
192 193
184 194
194 195
195 196
196 197
197 198
196 199
199 200
195 201
176 202
202 203
203 204
204 205
203 206
202 207
207 208
208 209
209 210
210 211
209 212
212 213
208 214
207 215
215 216
216 217
216 218
215 219
219 220
220 221
219 222
215 223
223 224
215 225
202 226
176 227
227 228
228 229
2 230
230 231
231 232
232 233
231 234
234 235
234 236
236 237
231 238
238 239
238 240
240 241
241 242
241 243
231 244
244 245
244 246
246 247
247 248
248 249
247 250
250 251
251 252
252 253
253 254
247 255
255 256
256 257
256 258
255 259
259 260
260 261
259 262
255 263
263 264
255 265
265 266
266 267
267 268
268 269
267 270
270 271
266 272
247 273
273 274
274 275
275 276
274 277
273 278
278 279
279 280
280 281
281 282
280 283
283 284
279 285
278 286
286 287
287 288
287 289
286 290
290 291
291 292
290 293
286 294
294 295
286 296
273 297
247 298
298 299
299 300
2 301
301 302
302 303
303 304
304 305
302 306
306 307
307 308
302 309
309 310
310 311
302 312
312 313
313 314
