1 2
2 3
3 4
4 5
1 6
6 7
7 8
8 9
1 10
10 11
11 12
12 13
13 14
12 15
15 16
15 17
17 18
12 19
19 20
20 21
21 22
22 23
19 24
24 25
25 26
25 27
12 28
28 29
29 30
30 31
31 32
28 33
28 34
34 35
35 36
36 37
35 38
38 39
39 40
40 41
41 42
35 43
43 44
44 45
44 46
43 47
47 48
48 49
47 50
43 51
51 52
43 53
53 54
54 55
55 56
56 57
55 58
58 59
54 60
35 61
61 62
62 63
63 64
64 65
63 66
62 67
67 68
68 69
67 70
70 71
61 72
72 73
73 74
74 75
75 76
74 77
77 78
73 79
72 80
80 81
81 82
81 83
80 84
84 85
85 86
84 87
80 88
88 89
80 90
61 91
35 92
92 93
93 94
10 95
95 96
96 97
97 98
96 99
99 100
99 101
101 102
96 103
103 104
104 105
105 106
106 107
103 108
108 109
109 110
109 111
96 112
112 113
113 114
114 115
115 116
112 117
117 118
118 119
119 120
118 121
121 122
122 123
123 124
124 125
118 126
126 127
127 128
127 129
126 130
130 131
131 132
130 133
126 134
134 135
126 136
136 137
137 138
138 139
139 140
138 141
141 142
137 143
118 144
144 145
145 146
146 147
147 148
146 149
145 150
150 151
151 152
150 153
153 154
144 155
155 156
156 157
157 158
158 159
157 160
160 161
156 162
155 163
163 164
164 165
164 166
163 167
167 168
168 169
167 170
163 171
171 172
163 173
144 174
118 175
175 176
176 177
10 178
178 179
179 180
180 181
179 182
182 183
182 184
184 185
179 186
186 187
187 188
188 189
189 190
186 191
186 192
192 193
193 194
193 195
179 196
196 197
197 198
198 199
199 200
196 201
201 202
202 203
203 204
202 205
205 206
206 207
207 208
208 209
202 210
210 211
211 212
211 213
210 214
214 215
215 216
214 217
210 218
218 219
210 220
220 221
221 222
222 223
223 224
222 225
225 226
221 227
202 228
228 229
229 230
230 231
229 232
228 233
233 234
234 235
235 236
236 237
235 238
238 239
234 240
233 241
241 242
242 243
242 244
241 245
245 246
246 247
245 248
241 249
249 250
241 251
228 252
202 253
253 254
254 255
10 256
256 257
257 258
258 259
257 260
260 261
260 262
262 263
257 264
264 265
265 266
266 267
267 268
264 269
269 270
270 271
270 272
257 273
273 274
274 275
275 276
276 277
273 278
278 279
279 280
280 281
279 282
282 283
283 284
284 285
285 286
279 287
287 288
288 289
288 290
287 291
291 292
292 293
291 294
287 295
295 296
287 297
297 298
298 299
299 300
300 301
299 302
302 303
298 304
279 305
305 306
306 307
307 308
306 309
305 310
310 311
311 312
312 313
313 314
312 315
315 316
311 317
310 318
318 319
319 320
319 321
318 322
322 323
323 324
322 325
318 326
326 327
318 328
305 329
279 330
330 331
331 332
10 333
333 334
334 335
335 336
336 337
334 338
338 339
339 340
334 341
341 342
342 343
334 344
344 345
345 346
