1 2
2 3
3 4
4 5
5 6
4 7
7 8
7 9
9 10
4 11
11 12
4 13
13 14
14 15
14 16
4 17
17 18
4 19
19 20
20 21
21 22
20 23
23 24
24 25
25 26
26 27
20 28
28 29
29 30
29 31
28 32
32 33
33 34
32 35
28 36
36 37
28 38
38 39
39 40
40 41
41 42
40 43
43 44
39 45
20 46
46 47
47 48
48 49
49 50
48 51
47 52
52 53
53 54
52 55
55 56
46 57
57 58
58 59
59 60
60 61
59 62
62 63
58 64
57 65
65 66
66 67
66 68
65 69
69 70
70 71
69 72
65 73
73 74
65 75
46 76
20 77
77 78
78 79
2 80
80 81
81 82
82 83
81 84
84 85
84 86
86 87
81 88
88 89
81 90
90 91
91 92
91 93
81 94
94 95
81 96
96 97
97 98
98 99
97 100
100 101
101 102
102 103
103 104
97 105
105 106
106 107
106 108
105 109
109 110
110 111
109 112
105 113
113 114
105 115
115 116
116 117
117 118
118 119
117 120
120 121
116 122
97 123
123 124
124 125
125 126
124 127
123 128
128 129
129 130
130 131
131 132
130 133
133 134
129 135
128 136
136 137
137 138
137 139
136 140
140 141
141 142
140 143
136 144
144 145
136 146
123 147
97 148
148 149
149 150
2 151
151 152
152 153
153 154
154 155
152 156
156 157
157 158
