1 2
2 3
3 4
3 5
5 6
6 7
6 8
5 9
9 10
10 11
2 12
12 13
13 14
14 15
13 16
16 17
16 18
18 19
13 20
20 21
20 22
22 23
23 24
22 25
25 26
13 27
27 28
28 29
27 30
30 31
31 32
32 33
33 34
27 35
35 36
36 37
36 38
35 39
39 40
40 41
39 42
35 43
43 44
35 45
45 46
46 47
47 48
48 49
47 50
50 51
46 52
27 53
53 54
54 55
55 56
54 57
53 58
58 59
59 60
60 61
61 62
60 63
63 64
59 65
58 66
66 67
67 68
67 69
66 70
70 71
71 72
70 73
66 74
74 75
66 76
53 77
27 78
78 79
79 80
2 81
81 82
81 83
83 84
84 85
84 86
83 87
87 88
88 89
2 90
90 91
91 92
92 93
91 94
94 95
94 96
96 97
91 98
98 99
98 100
100 101
101 102
100 103
103 104
91 105
105 106
106 107
105 108
108 109
109 110
110 111
111 112
105 113
113 114
114 115
114 116
113 117
117 118
118 119
117 120
113 121
121 122
113 123
123 124
124 125
125 126
126 127
125 128
128 129
124 130
105 131
131 132
132 133
133 134
134 135
133 136
132 137
137 138
138 139
137 140
140 141
131 142
142 143
143 144
144 145
145 146
144 147
147 148
143 149
142 150
150 151
151 152
151 153
150 154
154 155
155 156
154 157
150 158
158 159
150 160
131 161
105 162
162 163
163 164
2 165
165 166
166 167
167 168
168 169
166 170
170 171
171 172
