1 2
2 3
3 4
4 5
5 6
4 7
7 8
8 9
9 10
4 11
11 12
12 13
13 14
4 15
15 16
15 17
17 18
4 19
19 20
20 21
21 22
22 23
23 24
24 25
19 26
26 27
26 28
19 29
29 30
30 31
31 32
29 33
33 34
4 35
35 36
36 37
37 38
38 39
39 40
40 41
35 42
42 43
43 44
42 45
45 46
46 47
47 48
48 49
42 50
50 51
51 52
51 53
50 54
54 55
55 56
54 57
50 58
58 59
50 60
60 61
61 62
62 63
63 64
62 65
65 66
61 67
42 68
68 69
69 70
70 71
69 72
68 73
73 74
74 75
75 76
76 77
75 78
78 79
74 80
73 81
81 82
82 83
82 84
81 85
85 86
86 87
85 88
81 89
89 90
81 91
68 92
42 93
93 94
94 95
2 96
96 97
97 98
98 99
97 100
100 101
101 102
102 103
97 104
104 105
105 106
106 107
97 108
108 109
108 110
110 111
97 112
112 113
113 114
114 115
115 116
116 117
117 118
112 119
119 120
119 121
112 122
122 123
123 124
124 125
122 126
126 127
97 128
128 129
129 130
130 131
131 132
132 133
133 134
128 135
135 136
136 137
135 138
138 139
139 140
140 141
141 142
135 143
143 144
144 145
144 146
143 147
147 148
148 149
147 150
143 151
151 152
143 153
153 154
154 155
155 156
156 157
155 158
158 159
154 160
135 161
161 162
162 163
163 164
164 165
163 166
162 167
167 168
168 169
167 170
170 171
161 172
172 173
173 174
174 175
175 176
174 177
177 178
173 179
172 180
180 181
181 182
181 183
180 184
184 185
185 186
184 187
180 188
188 189
180 190
161 191
135 192
192 193
193 194
2 195
195 196
196 197
197 198
198 199
196 200
200 201
201 202
