1 2
2 3
3 4
4 5
5 6
4 7
7 8
7 9
9 10
4 11
11 12
11 13
4 14
14 15
15 16
16 17
17 18
14 19
19 20
20 21
21 22
14 23
23 24
24 25
23 26
26 27
27 28
28 29
29 30
23 31
31 32
32 33
32 34
31 35
35 36
36 37
35 38
31 39
39 40
31 41
41 42
42 43
43 44
44 45
43 46
46 47
42 48
23 49
49 50
50 51
51 52
50 53
49 54
54 55
55 56
56 57
57 58
56 59
59 60
55 61
54 62
62 63
63 64
63 65
62 66
66 67
67 68
66 69
62 70
70 71
62 72
49 73
23 74
74 75
75 76
2 77
77 78
78 79
79 80
78 81
81 82
81 83
83 84
78 85
85 86
85 87
78 88
88 89
89 90
90 91
91 92
88 93
93 94
94 95
95 96
88 97
97 98
98 99
97 100
100 101
101 102
102 103
103 104
97 105
105 106
106 107
106 108
105 109
109 110
110 111
109 112
105 113
113 114
105 115
115 116
116 117
117 118
118 119
117 120
120 121
116 122
97 123
123 124
124 125
125 126
126 127
125 128
124 129
129 130
130 131
129 132
132 133
123 134
134 135
135 136
136 137
137 138
136 139
139 140
135 141
134 142
142 143
143 144
143 145
142 146
146 147
147 148
146 149
142 150
150 151
142 152
123 153
97 154
154 155
155 156
2 157
157 158
158 159
159 160
160 161
158 162
162 163
163 164
