1 2
2 3
3 4
4 5
5 6
5 7
4 8
8 9
4 10
10 11
10 12
12 13
4 14
14 15
15 16
15 17
14 18
18 19
19 20
18 21
14 22
22 23
14 24
24 25
25 26
25 27
4 28
28 29
29 30
29 31
28 32
32 33
33 34
32 35
28 36
36 37
28 38
38 39
39 40
40 41
39 42
42 43
43 44
44 45
45 46
39 47
47 48
48 49
48 50
47 51
51 52
52 53
51 54
47 55
55 56
47 57
57 58
58 59
59 60
60 61
59 62
62 63
58 64
39 65
65 66
66 67
67 68
68 69
67 70
66 71
71 72
72 73
71 74
74 75
65 76
76 77
77 78
78 79
79 80
78 81
81 82
77 83
76 84
84 85
85 86
85 87
84 88
88 89
89 90
88 91
84 92
92 93
84 94
65 95
39 96
96 97
97 98
2 99
99 100
100 101
101 102
101 103
100 104
104 105
100 106
106 107
106 108
108 109
100 110
110 111
111 112
111 113
110 114
114 115
115 116
114 117
110 118
118 119
110 120
120 121
121 122
121 123
100 124
124 125
125 126
125 127
124 128
128 129
129 130
128 131
124 132
132 133
124 134
134 135
135 136
136 137
135 138
138 139
139 140
140 141
141 142
135 143
143 144
144 145
144 146
143 147
147 148
148 149
147 150
143 151
151 152
143 153
153 154
154 155
155 156
156 157
155 158
158 159
154 160
135 161
161 162
162 163
163 164
162 165
161 166
166 167
167 168
168 169
169 170
168 171
171 172
167 173
166 174
174 175
175 176
175 177
174 178
178 179
179 180
178 181
174 182
182 183
174 184
161 185
135 186
186 187
187 188
2 189
189 190
190 191
191 192
192 193
190 194
194 195
195 196
