1 2
2 3
3 4
2 5
5 6
2 7
7 8
2 9
9 10
9 11
11 12
12 13
13 14
14 15
12 16
12 17
17 18
18 19
19 20
18 21
21 22
22 23
23 24
24 25
18 26
26 27
27 28
27 29
26 30
30 31
31 32
30 33
26 34
34 35
26 36
36 37
37 38
38 39
39 40
38 41
41 42
37 43
18 44
44 45
45 46
46 47
47 48
46 49
45 50
50 51
51 52
50 53
53 54
44 55
55 56
56 57
57 58
58 59
57 60
60 61
56 62
55 63
63 64
64 65
64 66
63 67
67 68
68 69
67 70
63 71
71 72
63 73
44 74
18 75
75 76
76 77
2 78
78 79
79 80
80 81
79 82
82 83
82 84
84 85
79 86
86 87
86 88
79 89
89 90
89 91
79 92
92 93
93 94
92 95
95 96
2 97
97 98
97 99
99 100
100 101
101 102
102 103
100 104
104 105
105 106
106 107
105 108
108 109
109 110
110 111
111 112
105 113
113 114
114 115
114 116
113 117
117 118
118 119
117 120
113 121
121 122
113 123
123 124
124 125
125 126
126 127
125 128
128 129
124 130
105 131
131 132
132 133
133 134
134 135
133 136
132 137
137 138
138 139
137 140
140 141
131 142
142 143
143 144
144 145
145 146
144 147
147 148
143 149
142 150
150 151
151 152
151 153
150 154
154 155
155 156
154 157
150 158
158 159
150 160
131 161
105 162
162 163
163 164
2 165
165 166
166 167
167 168
166 169
169 170
169 171
171 172
166 173
173 174
173 175
166 176
176 177
176 178
166 179
179 180
180 181
179 182
182 183
2 184
184 185
184 186
186 187
187 188
188 189
189 190
187 191
191 192
192 193
193 194
192 195
195 196
196 197
197 198
198 199
192 200
200 201
201 202
201 203
200 204
204 205
205 206
204 207
200 208
208 209
200 210
210 211
211 212
212 213
213 214
212 215
215 216
211 217
192 218
218 219
219 220
220 221
219 222
218 223
223 224
224 225
225 226
226 227
225 228
228 229
224 230
223 231
231 232
232 233
232 234
231 235
235 236
236 237
235 238
231 239
239 240
231 241
218 242
192 243
243 244
244 245
2 246
246 247
247 248
248 249
247 250
250 251
250 252
252 253
247 254
254 255
254 256
247 257
257 258
257 259
247 260
260 261
261 262
260 263
263 264
2 265
265 266
266 267
267 268
268 269
266 270
270 271
271 272
266 273
273 274
274 275
