1 2
2 3
3 4
2 5
5 6
6 7
7 8
6 9
9 10
9 11
11 12
6 13
13 14
13 15
15 16
16 17
15 18
18 19
6 20
20 21
21 22
20 23
23 24
24 25
25 26
26 27
20 28
28 29
29 30
29 31
28 32
32 33
33 34
32 35
28 36
36 37
28 38
38 39
39 40
40 41
41 42
40 43
43 44
39 45
20 46
46 47
47 48
48 49
47 50
46 51
51 52
52 53
53 54
54 55
53 56
56 57
52 58
51 59
59 60
60 61
60 62
59 63
63 64
64 65
63 66
59 67
67 68
59 69
46 70
20 71
71 72
72 73
2 74
74 75
2 76
76 77
77 78
78 79
77 80
80 81
80 82
82 83
77 84
84 85
84 86
86 87
87 88
86 89
89 90
77 91
91 92
92 93
91 94
94 95
95 96
96 97
97 98
91 99
99 100
100 101
100 102
99 103
103 104
104 105
103 106
99 107
107 108
99 109
109 110
110 111
111 112
112 113
111 114
114 115
110 116
91 117
117 118
118 119
119 120
120 121
119 122
118 123
123 124
124 125
123 126
126 127
117 128
128 129
129 130
130 131
131 132
130 133
133 134
129 135
128 136
136 137
137 138
137 139
136 140
140 141
141 142
140 143
136 144
144 145
136 146
117 147
91 148
148 149
149 150
2 151
151 152
152 153
153 154
154 155
152 156
156 157
157 158
