1 2
2 3
3 4
3 5
5 6
6 7
6 8
2 9
9 10
10 11
11 12
10 13
13 14
13 15
15 16
10 17
17 18
18 19
17 20
10 21
21 22
22 23
21 24
24 25
25 26
26 27
27 28
21 29
29 30
30 31
30 32
29 33
33 34
34 35
33 36
29 37
37 38
29 39
39 40
40 41
41 42
42 43
41 44
44 45
40 46
21 47
47 48
48 49
49 50
48 51
47 52
52 53
53 54
54 55
55 56
54 57
57 58
53 59
52 60
60 61
61 62
61 63
60 64
64 65
65 66
64 67
60 68
68 69
60 70
47 71
21 72
72 73
73 74
2 75
75 76
75 77
77 78
78 79
78 80
2 81
81 82
82 83
83 84
82 85
85 86
85 87
87 88
82 89
89 90
90 91
89 92
82 93
93 94
94 95
93 96
96 97
97 98
98 99
99 100
93 101
101 102
102 103
102 104
101 105
105 106
106 107
105 108
101 109
109 110
101 111
111 112
112 113
113 114
114 115
113 116
116 117
112 118
93 119
119 120
120 121
121 122
122 123
121 124
120 125
125 126
126 127
125 128
128 129
119 130
130 131
131 132
132 133
133 134
132 135
135 136
131 137
130 138
138 139
139 140
139 141
138 142
142 143
143 144
142 145
138 146
146 147
138 148
119 149
93 150
150 151
151 152
2 153
153 154
154 155
155 156
156 157
154 158
158 159
159 160
