1 2
2 3
1 4
4 5
5 6
6 7
7 8
6 9
9 10
9 11
11 12
6 13
13 14
14 15
15 16
14 17
13 18
6 19
19 20
20 21
21 22
20 23
19 24
19 25
25 26
26 27
27 28
26 29
29 30
30 31
31 32
32 33
26 34
34 35
35 36
35 37
34 38
38 39
39 40
38 41
34 42
42 43
34 44
44 45
45 46
46 47
47 48
46 49
49 50
45 51
26 52
52 53
53 54
54 55
55 56
54 57
53 58
58 59
59 60
58 61
61 62
52 63
63 64
64 65
65 66
66 67
65 68
68 69
64 70
63 71
71 72
72 73
72 74
71 75
75 76
76 77
75 78
71 79
79 80
71 81
52 82
26 83
83 84
84 85
4 86
86 87
87 88
88 89
87 90
90 91
90 92
92 93
87 94
94 95
95 96
96 97
95 98
94 99
87 100
100 101
101 102
102 103
101 104
100 105
105 106
106 107
107 108
106 109
109 110
110 111
111 112
112 113
106 114
114 115
115 116
115 117
114 118
118 119
119 120
118 121
114 122
122 123
114 124
124 125
125 126
126 127
127 128
126 129
129 130
125 131
106 132
132 133
133 134
134 135
135 136
134 137
133 138
138 139
139 140
138 141
141 142
132 143
143 144
144 145
145 146
146 147
145 148
148 149
144 150
143 151
151 152
152 153
152 154
151 155
155 156
156 157
155 158
151 159
159 160
151 161
132 162
106 163
163 164
164 165
4 166
166 167
167 168
168 169
167 170
170 171
170 172
172 173
167 174
174 175
175 176
176 177
175 178
174 179
174 180
180 181
181 182
181 183
167 184
184 185
185 186
186 187
185 188
184 189
189 190
190 191
191 192
190 193
193 194
194 195
195 196
196 197
190 198
198 199
199 200
199 201
198 202
202 203
203 204
202 205
198 206
206 207
198 208
208 209
209 210
210 211
211 212
210 213
213 214
209 215
190 216
216 217
217 218
218 219
217 220
216 221
221 222
222 223
223 224
224 225
223 226
226 227
222 228
221 229
229 230
230 231
230 232
229 233
233 234
234 235
233 236
229 237
237 238
229 239
216 240
190 241
241 242
242 243
4 244
244 245
245 246
246 247
245 248
248 249
248 250
250 251
245 252
252 253
253 254
254 255
253 256
252 257
257 258
258 259
258 260
245 261
261 262
262 263
263 264
262 265
261 266
266 267
267 268
268 269
267 270
270 271
271 272
272 273
273 274
267 275
275 276
276 277
276 278
275 279
279 280
280 281
279 282
275 283
283 284
275 285
285 286
286 287
287 288
288 289
287 290
290 291
286 292
267 293
293 294
294 295
295 296
294 297
293 298
298 299
299 300
300 301
301 302
300 303
303 304
299 305
298 306
306 307
307 308
307 309
306 310
310 311
311 312
310 313
306 314
314 315
306 316
293 317
267 318
318 319
319 320
4 321
321 322
322 323
323 324
324 325
322 326
326 327
327 328
322 329
329 330
330 331
322 332
332 333
333 334
