1 2
2 3
3 4
4 5
1 6
6 7
7 8
8 9
1 10
10 11
11 12
12 13
13 14
12 15
15 16
15 17
17 18
12 19
19 20
20 21
21 22
22 23
19 24
12 25
25 26
26 27
27 28
28 29
25 30
25 31
31 32
32 33
33 34
32 35
35 36
36 37
37 38
38 39
32 40
40 41
41 42
41 43
40 44
44 45
45 46
44 47
40 48
48 49
40 50
50 51
51 52
52 53
53 54
52 55
55 56
51 57
32 58
58 59
59 60
60 61
61 62
60 63
59 64
64 65
65 66
64 67
67 68
58 69
69 70
70 71
71 72
72 73
71 74
74 75
70 76
69 77
77 78
78 79
78 80
77 81
81 82
82 83
81 84
77 85
85 86
77 87
58 88
32 89
89 90
90 91
10 92
92 93
93 94
94 95
93 96
96 97
96 98
98 99
93 100
100 101
101 102
102 103
103 104
100 105
93 106
106 107
107 108
108 109
109 110
106 111
111 112
112 113
113 114
112 115
115 116
116 117
117 118
118 119
112 120
120 121
121 122
121 123
120 124
124 125
125 126
124 127
120 128
128 129
120 130
130 131
131 132
132 133
133 134
132 135
135 136
131 137
112 138
138 139
139 140
140 141
141 142
140 143
139 144
144 145
145 146
144 147
147 148
138 149
149 150
150 151
151 152
152 153
151 154
154 155
150 156
149 157
157 158
158 159
158 160
157 161
161 162
162 163
161 164
157 165
165 166
157 167
138 168
112 169
169 170
170 171
10 172
172 173
173 174
174 175
173 176
176 177
176 178
178 179
173 180
180 181
181 182
182 183
183 184
180 185
180 186
186 187
187 188
187 189
173 190
190 191
191 192
192 193
193 194
190 195
195 196
196 197
197 198
196 199
199 200
200 201
201 202
202 203
196 204
204 205
205 206
205 207
204 208
208 209
209 210
208 211
204 212
212 213
204 214
214 215
215 216
216 217
217 218
216 219
219 220
215 221
196 222
222 223
223 224
224 225
223 226
222 227
227 228
228 229
229 230
230 231
229 232
232 233
228 234
227 235
235 236
236 237
236 238
235 239
239 240
240 241
239 242
235 243
243 244
235 245
222 246
196 247
247 248
248 249
10 250
250 251
251 252
252 253
251 254
254 255
254 256
256 257
251 258
258 259
259 260
260 261
261 262
258 263
263 264
264 265
264 266
251 267
267 268
268 269
269 270
270 271
267 272
272 273
273 274
274 275
273 276
276 277
277 278
278 279
279 280
273 281
281 282
282 283
282 284
281 285
285 286
286 287
285 288
281 289
289 290
281 291
291 292
292 293
293 294
294 295
293 296
296 297
292 298
273 299
299 300
300 301
301 302
300 303
299 304
304 305
305 306
306 307
307 308
306 309
309 310
305 311
304 312
312 313
313 314
313 315
312 316
316 317
317 318
316 319
312 320
320 321
312 322
299 323
273 324
324 325
325 326
10 327
327 328
328 329
329 330
330 331
328 332
332 333
333 334
328 335
335 336
336 337
328 338
338 339
339 340
