1 2
2 3
3 4
4 5
5 6
4 7
7 8
7 9
9 10
4 11
11 12
12 13
12 14
11 15
4 16
16 17
17 18
17 19
16 20
16 21
21 22
22 23
23 24
22 25
25 26
26 27
27 28
28 29
22 30
30 31
31 32
31 33
30 34
34 35
35 36
34 37
30 38
38 39
30 40
40 41
41 42
42 43
43 44
42 45
45 46
41 47
22 48
48 49
49 50
50 51
51 52
50 53
49 54
54 55
55 56
54 57
57 58
48 59
59 60
60 61
61 62
62 63
61 64
64 65
60 66
59 67
67 68
68 69
68 70
67 71
71 72
72 73
71 74
67 75
75 76
67 77
48 78
22 79
79 80
80 81
2 82
82 83
83 84
84 85
83 86
86 87
86 88
88 89
83 90
90 91
91 92
91 93
90 94
83 95
95 96
96 97
96 98
95 99
99 100
100 101
101 102
100 103
103 104
104 105
105 106
106 107
100 108
108 109
109 110
109 111
108 112
112 113
113 114
112 115
108 116
116 117
108 118
118 119
119 120
120 121
121 122
120 123
123 124
119 125
100 126
126 127
127 128
128 129
129 130
128 131
127 132
132 133
133 134
132 135
135 136
126 137
137 138
138 139
139 140
140 141
139 142
142 143
138 144
137 145
145 146
146 147
146 148
145 149
149 150
150 151
149 152
145 153
153 154
145 155
126 156
100 157
157 158
158 159
2 160
160 161
161 162
162 163
161 164
164 165
164 166
166 167
161 168
168 169
169 170
169 171
168 172
168 173
173 174
174 175
174 176
161 177
177 178
178 179
178 180
177 181
181 182
182 183
183 184
182 185
185 186
186 187
187 188
188 189
182 190
190 191
191 192
191 193
190 194
194 195
195 196
194 197
190 198
198 199
190 200
200 201
201 202
202 203
203 204
202 205
205 206
201 207
182 208
208 209
209 210
210 211
209 212
208 213
213 214
214 215
215 216
216 217
215 218
218 219
214 220
213 221
221 222
222 223
222 224
221 225
225 226
226 227
225 228
221 229
229 230
221 231
208 232
182 233
233 234
234 235
2 236
236 237
237 238
238 239
237 240
240 241
240 242
242 243
237 244
244 245
245 246
245 247
244 248
248 249
249 250
249 251
237 252
252 253
253 254
253 255
252 256
256 257
257 258
258 259
257 260
260 261
261 262
262 263
263 264
257 265
265 266
266 267
266 268
265 269
269 270
270 271
269 272
265 273
273 274
265 275
275 276
276 277
277 278
278 279
277 280
280 281
276 282
257 283
283 284
284 285
285 286
284 287
283 288
288 289
289 290
290 291
291 292
290 293
293 294
289 295
288 296
296 297
297 298
297 299
296 300
300 301
301 302
300 303
296 304
304 305
296 306
283 307
257 308
308 309
309 310
2 311
311 312
312 313
313 314
314 315
312 316
316 317
317 318
312 319
319 320
320 321
312 322
322 323
323 324
