1 2
2 3
1 4
4 5
1 6
6 7
7 8
8 9
9 10
8 11
11 12
11 13
13 14
8 15
15 16
16 17
17 18
15 19
8 20
20 21
21 22
22 23
20 24
20 25
25 26
26 27
27 28
26 29
29 30
30 31
31 32
32 33
26 34
34 35
35 36
35 37
34 38
38 39
39 40
38 41
34 42
42 43
34 44
44 45
45 46
46 47
47 48
46 49
49 50
45 51
26 52
52 53
53 54
54 55
55 56
54 57
53 58
58 59
59 60
58 61
61 62
52 63
63 64
64 65
65 66
66 67
65 68
68 69
64 70
63 71
71 72
72 73
72 74
71 75
75 76
76 77
75 78
71 79
79 80
71 81
52 82
26 83
83 84
84 85
6 86
86 87
87 88
88 89
87 90
90 91
90 92
92 93
87 94
94 95
95 96
96 97
94 98
87 99
99 100
100 101
101 102
99 103
103 104
104 105
105 106
104 107
107 108
108 109
109 110
110 111
104 112
112 113
113 114
113 115
112 116
116 117
117 118
116 119
112 120
120 121
112 122
122 123
123 124
124 125
125 126
124 127
127 128
123 129
104 130
130 131
131 132
132 133
133 134
132 135
131 136
136 137
137 138
136 139
139 140
130 141
141 142
142 143
143 144
144 145
143 146
146 147
142 148
141 149
149 150
150 151
150 152
149 153
153 154
154 155
153 156
149 157
157 158
149 159
130 160
104 161
161 162
162 163
6 164
164 165
165 166
166 167
165 168
168 169
168 170
170 171
165 172
172 173
173 174
174 175
172 176
172 177
177 178
178 179
178 180
165 181
181 182
182 183
183 184
181 185
185 186
186 187
187 188
186 189
189 190
190 191
191 192
192 193
186 194
194 195
195 196
195 197
194 198
198 199
199 200
198 201
194 202
202 203
194 204
204 205
205 206
206 207
207 208
206 209
209 210
205 211
186 212
212 213
213 214
214 215
213 216
212 217
217 218
218 219
219 220
220 221
219 222
222 223
218 224
217 225
225 226
226 227
226 228
225 229
229 230
230 231
229 232
225 233
233 234
225 235
212 236
186 237
237 238
238 239
6 240
240 241
241 242
242 243
241 244
244 245
244 246
246 247
241 248
248 249
249 250
250 251
248 252
252 253
253 254
253 255
241 256
256 257
257 258
258 259
256 260
260 261
261 262
262 263
261 264
264 265
265 266
266 267
267 268
261 269
269 270
270 271
270 272
269 273
273 274
274 275
273 276
269 277
277 278
269 279
279 280
280 281
281 282
282 283
281 284
284 285
280 286
261 287
287 288
288 289
289 290
288 291
287 292
292 293
293 294
294 295
295 296
294 297
297 298
293 299
292 300
300 301
301 302
301 303
300 304
304 305
305 306
304 307
300 308
308 309
300 310
287 311
261 312
312 313
313 314
6 315
315 316
316 317
317 318
318 319
316 320
320 321
321 322
316 323
323 324
324 325
316 326
326 327
327 328
