1 2
2 3
3 4
4 5
5 6
4 7
7 8
7 9
9 10
4 11
11 12
12 13
11 14
14 15
4 16
16 17
17 18
16 19
19 20
20 21
21 22
20 23
23 24
24 25
25 26
26 27
20 28
28 29
29 30
29 31
28 32
32 33
33 34
32 35
28 36
36 37
28 38
38 39
39 40
40 41
41 42
40 43
43 44
39 45
20 46
46 47
47 48
48 49
49 50
48 51
47 52
52 53
53 54
52 55
55 56
46 57
57 58
58 59
59 60
60 61
59 62
62 63
58 64
57 65
65 66
66 67
66 68
65 69
69 70
70 71
69 72
65 73
73 74
65 75
46 76
20 77
77 78
78 79
19 80
2 81
81 82
82 83
83 84
82 85
85 86
85 87
87 88
82 89
89 90
90 91
89 92
92 93
93 94
93 95
92 96
82 97
97 98
98 99
97 100
100 101
101 102
102 103
101 104
104 105
105 106
106 107
107 108
101 109
109 110
110 111
110 112
109 113
113 114
114 115
113 116
109 117
117 118
109 119
119 120
120 121
121 122
122 123
121 124
124 125
120 126
101 127
127 128
128 129
129 130
128 131
127 132
132 133
133 134
134 135
135 136
134 137
137 138
133 139
132 140
140 141
141 142
141 143
140 144
144 145
145 146
144 147
140 148
148 149
140 150
127 151
101 152
152 153
153 154
100 155
2 156
156 157
157 158
158 159
159 160
157 161
161 162
162 163
