1 2
2 3
3 4
4 5
5 6
4 7
7 8
7 9
9 10
4 11
11 12
11 13
11 14
4 15
15 16
15 17
17 18
18 19
19 20
18 21
21 22
22 23
23 24
24 25
18 26
26 27
27 28
27 29
26 30
30 31
31 32
30 33
26 34
34 35
26 36
36 37
37 38
38 39
39 40
38 41
41 42
37 43
18 44
44 45
45 46
46 47
47 48
46 49
45 50
50 51
51 52
50 53
53 54
44 55
55 56
56 57
57 58
58 59
57 60
60 61
56 62
55 63
63 64
64 65
64 66
63 67
67 68
68 69
67 70
63 71
71 72
63 73
44 74
18 75
75 76
76 77
15 78
78 79
79 80
80 81
79 82
82 83
83 84
84 85
85 86
79 87
87 88
88 89
88 90
87 91
91 92
92 93
91 94
87 95
95 96
87 97
97 98
98 99
99 100
100 101
99 102
102 103
98 104
79 105
105 106
106 107
107 108
108 109
107 110
106 111
111 112
112 113
111 114
114 115
105 116
116 117
117 118
118 119
119 120
118 121
121 122
117 123
116 124
124 125
125 126
125 127
124 128
128 129
129 130
128 131
124 132
132 133
124 134
105 135
79 136
136 137
137 138
2 139
139 140
140 141
141 142
140 143
143 144
143 145
145 146
140 147
147 148
147 149
149 150
150 151
150 152
147 153
153 154
154 155
154 156
140 157
157 158
157 159
159 160
160 161
161 162
160 163
163 164
164 165
165 166
166 167
160 168
168 169
169 170
169 171
168 172
172 173
173 174
172 175
168 176
176 177
168 178
178 179
179 180
180 181
181 182
180 183
183 184
179 185
160 186
186 187
187 188
188 189
187 190
186 191
191 192
192 193
193 194
194 195
193 196
196 197
192 198
191 199
199 200
200 201
200 202
199 203
203 204
204 205
203 206
199 207
207 208
199 209
186 210
160 211
211 212
212 213
157 214
214 215
215 216
216 217
215 218
218 219
219 220
220 221
221 222
215 223
223 224
224 225
224 226
223 227
227 228
228 229
227 230
223 231
231 232
223 233
233 234
234 235
235 236
236 237
235 238
238 239
234 240
215 241
241 242
242 243
243 244
242 245
241 246
246 247
247 248
248 249
249 250
248 251
251 252
247 253
246 254
254 255
255 256
255 257
254 258
258 259
259 260
258 261
254 262
262 263
254 264
241 265
215 266
266 267
267 268
2 269
269 270
270 271
271 272
272 273
270 274
274 275
275 276
