1 2
2 3
3 4
2 5
5 6
2 7
7 8
2 9
9 10
9 11
11 12
12 13
13 14
14 15
12 16
12 17
17 18
18 19
19 20
18 21
21 22
22 23
23 24
24 25
18 26
26 27
27 28
27 29
26 30
30 31
31 32
30 33
26 34
34 35
26 36
36 37
37 38
38 39
39 40
38 41
41 42
37 43
18 44
44 45
45 46
46 47
47 48
46 49
45 50
50 51
51 52
50 53
53 54
44 55
55 56
56 57
57 58
58 59
57 60
60 61
56 62
55 63
63 64
64 65
64 66
63 67
67 68
68 69
67 70
63 71
71 72
63 73
44 74
18 75
75 76
76 77
2 78
78 79
79 80
80 81
79 82
82 83
82 84
84 85
79 86
86 87
86 88
79 89
89 90
90 91
89 92
92 93
2 94
94 95
94 96
96 97
97 98
98 99
99 100
97 101
101 102
102 103
103 104
102 105
105 106
106 107
107 108
108 109
102 110
110 111
111 112
111 113
110 114
114 115
115 116
114 117
110 118
118 119
110 120
120 121
121 122
122 123
123 124
122 125
125 126
121 127
102 128
128 129
129 130
130 131
131 132
130 133
129 134
134 135
135 136
134 137
137 138
128 139
139 140
140 141
141 142
142 143
141 144
144 145
140 146
139 147
147 148
148 149
148 150
147 151
151 152
152 153
151 154
147 155
155 156
147 157
128 158
102 159
159 160
160 161
2 162
162 163
163 164
164 165
163 166
166 167
166 168
168 169
163 170
170 171
170 172
163 173
173 174
174 175
173 176
176 177
2 178
178 179
178 180
180 181
181 182
182 183
183 184
181 185
185 186
186 187
187 188
186 189
189 190
190 191
191 192
192 193
186 194
194 195
195 196
195 197
194 198
198 199
199 200
198 201
194 202
202 203
194 204
204 205
205 206
206 207
207 208
206 209
209 210
205 211
186 212
212 213
213 214
214 215
213 216
212 217
217 218
218 219
219 220
220 221
219 222
222 223
218 224
217 225
225 226
226 227
226 228
225 229
229 230
230 231
229 232
225 233
233 234
225 235
212 236
186 237
237 238
238 239
2 240
240 241
241 242
242 243
241 244
244 245
244 246
246 247
241 248
248 249
248 250
241 251
251 252
251 253
241 254
254 255
255 256
254 257
257 258
2 259
259 260
260 261
261 262
262 263
260 264
264 265
265 266
260 267
267 268
268 269
