1 2
2 3
3 4
4 5
5 6
4 7
7 8
7 9
9 10
4 11
11 12
11 13
4 14
14 15
14 16
14 17
17 18
18 19
19 20
18 21
21 22
22 23
23 24
24 25
18 26
26 27
27 28
27 29
26 30
30 31
31 32
30 33
26 34
34 35
26 36
36 37
37 38
38 39
39 40
38 41
41 42
37 43
18 44
44 45
45 46
46 47
47 48
46 49
45 50
50 51
51 52
50 53
53 54
44 55
55 56
56 57
57 58
58 59
57 60
60 61
56 62
55 63
63 64
64 65
64 66
63 67
67 68
68 69
67 70
63 71
71 72
63 73
44 74
18 75
75 76
76 77
2 78
78 79
79 80
80 81
79 82
82 83
82 84
84 85
79 86
86 87
86 88
79 89
89 90
89 91
91 92
92 93
93 94
92 95
95 96
96 97
97 98
98 99
92 100
100 101
101 102
101 103
100 104
104 105
105 106
104 107
100 108
108 109
100 110
110 111
111 112
112 113
113 114
112 115
115 116
111 117
92 118
118 119
119 120
120 121
121 122
120 123
119 124
124 125
125 126
124 127
127 128
118 129
129 130
130 131
131 132
132 133
131 134
134 135
130 136
129 137
137 138
138 139
138 140
137 141
141 142
142 143
141 144
137 145
145 146
137 147
118 148
92 149
149 150
150 151
2 152
152 153
153 154
154 155
153 156
156 157
156 158
158 159
153 160
160 161
160 162
160 163
163 164
164 165
164 166
153 167
167 168
167 169
169 170
170 171
171 172
170 173
173 174
174 175
175 176
176 177
170 178
178 179
179 180
179 181
178 182
182 183
183 184
182 185
178 186
186 187
178 188
188 189
189 190
190 191
191 192
190 193
193 194
189 195
170 196
196 197
197 198
198 199
197 200
196 201
201 202
202 203
203 204
204 205
203 206
206 207
202 208
201 209
209 210
210 211
210 212
209 213
213 214
214 215
213 216
209 217
217 218
209 219
196 220
170 221
221 222
222 223
2 224
224 225
225 226
226 227
225 228
228 229
228 230
230 231
225 232
232 233
232 234
234 235
235 236
235 237
225 238
238 239
238 240
240 241
241 242
242 243
241 244
244 245
245 246
246 247
247 248
241 249
249 250
250 251
250 252
249 253
253 254
254 255
253 256
249 257
257 258
249 259
259 260
260 261
261 262
262 263
261 264
264 265
260 266
241 267
267 268
268 269
269 270
268 271
267 272
272 273
273 274
274 275
275 276
274 277
277 278
273 279
272 280
280 281
281 282
281 283
280 284
284 285
285 286
284 287
280 288
288 289
280 290
267 291
241 292
292 293
293 294
2 295
295 296
296 297
297 298
298 299
296 300
300 301
301 302
296 303
303 304
304 305
296 306
306 307
307 308
