1 2
2 3
3 4
4 5
5 6
4 7
7 8
7 9
9 10
4 11
11 12
11 13
13 14
14 15
14 16
13 17
13 18
18 19
13 20
4 21
21 22
21 23
23 24
24 25
24 26
23 27
23 28
28 29
29 30
30 31
29 32
32 33
33 34
34 35
35 36
29 37
37 38
38 39
38 40
37 41
41 42
42 43
41 44
37 45
45 46
37 47
47 48
48 49
49 50
50 51
49 52
52 53
48 54
29 55
55 56
56 57
57 58
58 59
57 60
56 61
61 62
62 63
61 64
64 65
55 66
66 67
67 68
68 69
69 70
68 71
71 72
67 73
66 74
74 75
75 76
75 77
74 78
78 79
79 80
78 81
74 82
82 83
74 84
55 85
29 86
86 87
87 88
23 89
2 90
90 91
91 92
92 93
91 94
94 95
94 96
96 97
91 98
98 99
98 100
100 101
101 102
101 103
100 104
100 105
105 106
100 107
91 108
108 109
108 110
110 111
111 112
111 113
113 114
114 115
113 116
116 117
117 118
118 119
119 120
113 121
121 122
122 123
122 124
121 125
125 126
126 127
125 128
121 129
129 130
121 131
131 132
132 133
133 134
134 135
133 136
136 137
132 138
113 139
139 140
140 141
141 142
142 143
141 144
140 145
145 146
146 147
145 148
148 149
139 150
150 151
151 152
152 153
153 154
152 155
155 156
151 157
150 158
158 159
159 160
159 161
158 162
162 163
163 164
162 165
158 166
166 167
158 168
139 169
113 170
170 171
171 172
110 173
110 174
174 175
110 176
2 177
177 178
178 179
179 180
178 181
181 182
181 183
183 184
178 185
185 186
185 187
187 188
188 189
188 190
187 191
187 192
192 193
193 194
193 195
187 196
178 197
197 198
197 199
199 200
200 201
200 202
202 203
203 204
202 205
205 206
206 207
207 208
208 209
202 210
210 211
211 212
211 213
210 214
214 215
215 216
214 217
210 218
218 219
210 220
220 221
221 222
222 223
223 224
222 225
225 226
221 227
202 228
228 229
229 230
230 231
229 232
228 233
233 234
234 235
235 236
236 237
235 238
238 239
234 240
233 241
241 242
242 243
242 244
241 245
245 246
246 247
245 248
241 249
249 250
241 251
228 252
202 253
253 254
254 255
199 256
199 257
257 258
199 259
2 260
260 261
261 262
262 263
261 264
264 265
264 266
266 267
261 268
268 269
268 270
270 271
271 272
271 273
273 274
273 275
270 276
270 277
277 278
270 279
261 280
280 281
280 282
282 283
283 284
283 285
285 286
286 287
285 288
288 289
289 290
290 291
291 292
285 293
293 294
294 295
294 296
293 297
297 298
298 299
297 300
293 301
301 302
293 303
303 304
304 305
305 306
306 307
305 308
308 309
304 310
285 311
311 312
312 313
313 314
312 315
311 316
316 317
317 318
318 319
319 320
318 321
321 322
317 323
316 324
324 325
325 326
325 327
324 328
328 329
329 330
328 331
324 332
332 333
324 334
311 335
285 336
336 337
337 338
282 339
282 340
340 341
282 342
2 343
343 344
344 345
345 346
346 347
344 348
348 349
349 350
344 351
351 352
352 353
344 354
354 355
355 356
