1 2
2 3
3 4
3 5
2 6
6 7
7 8
7 9
2 10
10 11
11 12
12 13
11 14
14 15
15 16
15 17
11 18
18 19
18 20
20 21
11 22
22 23
22 24
11 25
25 26
26 27
25 28
28 29
11 30
30 31
31 32
32 33
33 34
34 35
30 36
36 37
37 38
36 39
39 40
40 41
41 42
42 43
36 44
44 45
45 46
45 47
44 48
48 49
49 50
48 51
44 52
52 53
44 54
54 55
55 56
56 57
57 58
56 59
59 60
55 61
36 62
62 63
63 64
64 65
63 66
62 67
67 68
68 69
69 70
70 71
69 72
72 73
68 74
67 75
75 76
76 77
76 78
75 79
79 80
80 81
79 82
75 83
83 84
75 85
62 86
36 87
87 88
88 89
2 90
90 91
91 92
92 93
91 94
94 95
95 96
95 97
91 98
98 99
98 100
100 101
91 102
102 103
103 104
102 105
105 106
91 107
107 108
108 109
109 110
110 111
111 112
107 113
113 114
114 115
113 116
116 117
117 118
118 119
119 120
113 121
121 122
122 123
122 124
121 125
125 126
126 127
125 128
121 129
129 130
121 131
131 132
132 133
133 134
134 135
133 136
136 137
132 138
113 139
139 140
140 141
141 142
142 143
141 144
140 145
145 146
146 147
145 148
148 149
139 150
150 151
151 152
152 153
153 154
152 155
155 156
151 157
150 158
158 159
159 160
159 161
158 162
162 163
163 164
162 165
158 166
166 167
158 168
139 169
113 170
170 171
171 172
2 173
173 174
174 175
175 176
176 177
174 178
178 179
179 180
