1 2
2 3
3 4
2 5
5 6
6 7
7 8
6 9
9 10
9 11
11 12
6 13
13 14
14 15
13 16
6 17
17 18
18 19
17 20
20 21
21 22
22 23
23 24
17 25
25 26
26 27
26 28
25 29
29 30
30 31
29 32
25 33
33 34
25 35
35 36
36 37
37 38
38 39
37 40
40 41
36 42
17 43
43 44
44 45
45 46
44 47
43 48
48 49
49 50
50 51
51 52
50 53
53 54
49 55
48 56
56 57
57 58
57 59
56 60
60 61
61 62
60 63
56 64
64 65
56 66
43 67
17 68
68 69
69 70
2 71
71 72
2 73
73 74
74 75
75 76
74 77
77 78
77 79
79 80
74 81
81 82
82 83
81 84
74 85
85 86
86 87
85 88
88 89
89 90
90 91
91 92
85 93
93 94
94 95
94 96
93 97
97 98
98 99
97 100
93 101
101 102
93 103
103 104
104 105
105 106
106 107
105 108
108 109
104 110
85 111
111 112
112 113
113 114
114 115
113 116
112 117
117 118
118 119
117 120
120 121
111 122
122 123
123 124
124 125
125 126
124 127
127 128
123 129
122 130
130 131
131 132
131 133
130 134
134 135
135 136
134 137
130 138
138 139
130 140
111 141
85 142
142 143
143 144
2 145
145 146
146 147
147 148
148 149
146 150
150 151
151 152
