1 2
1 3
1 4
1 5
1 6
1 7
7 8
1 9
9 10
1 11
1 12
12 13
12 14
14 15
14 16
16 17
12 18
18 19
19 20
19 21
21 22
1 23
23 24
24 25
24 26
26 27
26 28
28 29
24 30
30 31
31 32
31 33
33 34
1 35
35 36
1 37
1 38
38 39
1 40
1 41
41 42
1 43
43 44
43 45
45 46
45 47
43 48
43 49
43 50
43 51
51 52
1 53
53 54
1 55
55 56
1 57
57 58
57 59
59 60
59 61
59 62
57 63
63 64
63 65
63 66
63 67
67 68
57 69
69 70
69 71
69 72
57 73
73 74
73 75
73 76
73 77
77 78
57 79
79 80
79 81
79 82
79 83
57 84
84 85
84 86
84 87
84 88
84 89
89 90
57 91
91 92
91 93
57 94
94 95
94 96
94 97
97 98
57 99
99 100
99 101
99 102
102 103
57 104
104 105
104 106
104 107
107 108
104 109
109 110
57 111
111 112
111 113
57 114
114 115
114 116
114 117
114 118
118 119
57 120
120 121
120 122
120 123
123 124
57 125
125 126
125 127
125 128
125 129
129 130
125 131
131 132
57 133
133 134
133 135
57 136
136 137
136 138
136 139
57 140
140 141
140 142
140 143
57 144
144 145
144 146
144 147
57 148
148 149
148 150
148 151
148 152
57 153
153 154
153 155
153 156
153 157
57 158
158 159
158 160
158 161
57 162
162 163
162 164
162 165
57 166
166 167
166 168
166 169
57 170
170 171
170 172
170 173
57 174
174 175
174 176
174 177
57 178
178 179
178 180
178 181
178 182
182 183
57 184
184 185
184 186
184 187
184 188
188 189
57 190
190 191
190 192
190 193
190 194
194 195
57 196
196 197
196 198
196 199
199 200
57 201
201 202
201 203
201 204
204 205
57 206
206 207
206 208
206 209
209 210
57 211
211 212
211 213
211 214
214 215
57 216
216 217
216 218
57 219
219 220
220 221
57 222
222 223
222 224
224 225
57 226
226 227
226 228
226 229
226 230
230 231
226 232
232 233
57 234
234 235
234 236
234 237
234 238
238 239
57 240
240 241
240 242
240 243
243 244
240 245
245 246
57 247
247 248
247 249
247 250
250 251
247 252
252 253
57 254
254 255
254 256
254 257
254 258
258 259
254 260
260 261
57 262
262 263
262 264
262 265
262 266
266 267
262 268
268 269
57 270
270 271
270 272
270 273
270 274
274 275
270 276
276 277
270 278
278 279
57 280
280 281
280 282
280 283
280 284
284 285
280 286
286 287
280 288
288 289
57 290
290 291
57 292
292 293
292 294
294 295
57 296
296 297
296 298
57 299
299 300
299 301
57 302
302 303
302 304
57 305
305 306
305 307
305 308
57 309
309 310
309 311
309 312
57 313
313 314
313 315
313 316
57 317
317 318
317 319
317 320
57 321
321 322
321 323
321 324
57 325
325 326
325 327
325 328
57 329
329 330
329 331
329 332
57 333
333 334
333 335
333 336
57 337
337 338
337 339
337 340
57 341
341 342
341 343
341 344
57 345
345 346
345 347
345 348
345 349
349 350
57 351
351 352
351 353
351 354
351 355
355 356
57 357
357 358
357 359
357 360
357 361
361 362
57 363
363 364
363 365
363 366
363 367
367 368
57 369
369 370
369 371
369 372
372 373
57 374
374 375
374 376
374 377
377 378
57 379
379 380
379 381
379 382
382 383
57 384
384 385
384 386
384 387
384 388
388 389
57 390
390 391
390 392
390 393
390 394
394 395
57 396
396 397
396 398
396 399
396 400
400 401
57 402
402 403
402 404
402 405
402 406
406 407
57 408
408 409
408 410
57 411
411 412
411 413
411 414
414 415
57 416
416 417
416 418
416 419
419 420
57 421
421 422
422 423
421 424
57 425
425 426
426 427
425 428
57 429
429 430
57 431
431 432
431 433
433 434
431 435
57 436
436 437
437 438
436 439
436 440
440 441
57 442
442 443
442 444
444 445
57 446
446 447
446 448
448 449
446 450
446 451
451 452
57 453
453 454
454 455
453 456
57 457
457 458
57 459
459 460
459 461
57 462
462 463
462 464
464 465
462 466
57 467
467 468
467 469
57 470
470 471
470 472
470 473
57 474
474 475
475 476
474 477
474 478
478 479
57 480
480 481
480 482
482 483
57 484
484 485
484 486
484 487
487 488
57 489
489 490
489 491
491 492
57 493
493 494
493 495
495 496
57 497
497 498
57 499
499 500
499 501
499 502
502 503
57 504
504 505
504 506
504 507
507 508
57 509
509 510
509 511
57 512
512 513
512 514
512 515
515 516
57 517
517 518
517 519
519 520
57 521
521 522
521 523
523 524
521 525
525 526
57 527
527 528
527 529
529 530
57 531
531 532
57 533
533 534
533 535
535 536
57 537
537 538
537 539
537 540
540 541
57 542
542 543
542 544
542 545
545 546
57 547
547 548
547 549
57 550
550 551
550 552
550 553
553 554
57 555
555 556
555 557
557 558
57 559
559 560
559 561
559 562
562 563
559 564
559 565
565 566
57 567
567 568
567 569
567 570
570 571
567 572
567 573
573 574
567 575
575 576
1 577
577 578
578 579
578 580
580 581
581 582
582 583
583 584
584 585
584 586
583 587
581 588
588 589
589 590
588 591
591 592
581 593
593 594
594 595
594 596
596 597
593 598
598 599
599 600
598 601
601 602
602 603
601 604
604 605
593 606
606 607
593 608
608 609
609 610
610 611
611 612
610 613
613 614
609 615
615 616
616 617
617 618
616 619
619 620
581 621
621 622
622 623
577 624
624 625
625 626
626 627
625 628
628 629
629 630
629 631
631 632
625 633
633 634
633 635
635 636
625 637
637 638
637 639
639 640
640 641
641 642
641 643
625 644
644 645
645 646
644 647
647 648
577 649
649 650
650 651
651 652
652 653
