1 2
2 3
3 4
2 5
5 6
2 7
7 8
7 9
9 10
10 11
11 12
12 13
10 14
10 15
15 16
16 17
16 18
18 19
19 20
9 21
21 22
22 23
2 24
24 25
25 26
26 27
25 28
28 29
28 30
25 31
31 32
31 33
33 34
34 35
33 36
36 37
25 38
38 39
39 40
40 41
40 42
42 43
38 44
44 45
45 46
44 47
47 48
48 49
25 50
2 51
51 52
51 53
53 54
54 55
55 56
56 57
54 58
58 59
59 60
59 61
61 62
62 63
53 64
64 65
65 66
2 67
67 68
68 69
69 70
68 71
71 72
71 73
68 74
74 75
74 76
76 77
77 78
76 79
79 80
68 81
81 82
82 83
83 84
83 85
85 86
81 87
87 88
88 89
87 90
90 91
91 92
68 93
2 94
94 95
95 96
96 97
97 98
95 99
99 100
100 101
