1 2
2 3
3 4
2 5
5 6
2 7
7 8
7 9
9 10
10 11
11 12
12 13
10 14
10 15
15 16
16 17
16 18
18 19
19 20
9 21
21 22
22 23
2 24
24 25
25 26
26 27
25 28
28 29
28 30
25 31
31 32
31 33
33 34
34 35
33 36
36 37
25 38
38 39
39 40
40 41
40 42
42 43
38 44
44 45
45 46
25 47
2 48
48 49
48 50
50 51
51 52
52 53
53 54
51 55
55 56
56 57
56 58
58 59
59 60
50 61
61 62
62 63
2 64
64 65
65 66
66 67
65 68
68 69
68 70
65 71
71 72
71 73
73 74
74 75
73 76
76 77
65 78
78 79
79 80
80 81
80 82
82 83
78 84
84 85
85 86
65 87
2 88
88 89
89 90
90 91
91 92
89 93
93 94
94 95
