1 2
2 3
3 4
3 5
5 6
2 7
7 8
8 9
7 10
7 11
11 12
2 13
13 14
14 15
13 16
13 17
17 18
1 19
19 20
20 21
21 22
22 23
21 24
24 25
24 26
26 27
21 28
28 29
28 30
21 31
31 32
32 33
32 34
34 35
35 36
35 37
21 38
38 39
39 40
40 41
38 42
42 43
21 44
44 45
45 46
19 47
47 48
48 49
49 50
48 51
51 52
51 53
53 54
48 55
55 56
56 57
57 58
58 59
59 60
60 61
61 62
60 63
63 64
64 65
59 66
66 67
57 68
55 69
69 70
69 71
69 72
48 73
73 74
74 75
74 76
76 77
77 78
77 79
48 80
80 81
81 82
82 83
80 84
84 85
48 86
86 87
87 88
19 89
89 90
90 91
91 92
92 93
90 94
94 95
95 96
