1 2
2 3
1 4
4 5
5 6
6 7
5 8
8 9
8 10
10 11
5 12
12 13
12 14
14 15
15 16
14 17
17 18
5 19
19 20
20 21
19 22
22 23
23 24
24 25
25 26
26 27
25 28
28 29
29 30
28 31
19 32
32 33
33 34
33 35
32 36
36 37
37 38
36 39
32 40
40 41
32 42
42 43
43 44
44 45
45 46
44 47
47 48
43 49
19 50
50 51
51 52
52 53
51 54
50 55
55 56
56 57
57 58
58 59
57 60
60 61
56 62
55 63
63 64
64 65
64 66
63 67
67 68
68 69
67 70
63 71
71 72
63 73
73 74
74 75
75 76
74 77
77 78
78 79
79 80
78 81
81 82
50 83
83 84
84 85
85 86
84 87
87 88
19 89
89 90
90 91
89 92
92 93
1 94
94 95
1 96
96 97
97 98
98 99
97 100
100 101
100 102
102 103
97 104
104 105
104 106
106 107
107 108
106 109
109 110
97 111
111 112
112 113
111 114
114 115
115 116
116 117
117 118
118 119
117 120
120 121
121 122
120 123
111 124
124 125
125 126
125 127
124 128
128 129
129 130
128 131
124 132
132 133
124 134
134 135
135 136
136 137
137 138
136 139
139 140
135 141
111 142
142 143
143 144
144 145
145 146
144 147
143 148
148 149
149 150
148 151
151 152
142 153
153 154
154 155
155 156
156 157
155 158
158 159
154 160
153 161
161 162
162 163
162 164
161 165
165 166
166 167
165 168
161 169
169 170
161 171
171 172
172 173
173 174
172 175
175 176
176 177
177 178
176 179
179 180
142 181
181 182
182 183
183 184
182 185
185 186
111 187
187 188
188 189
187 190
190 191
1 192
192 193
193 194
194 195
195 196
193 197
197 198
198 199
